train_subjects
352132
565452
154936
832651
525541
290136
371843
381543
168947
180230
310621
330324
106319
104012
350330
891667
206929
285446
572045
784565
406836
454140
195950
155231
116524
580347
122418
127630
151829
268850
188549
713239
152427
199251
449753
541943
204218
183337
555348
872158
763557
161327
198653
146129
250427
943862
392447
158843
227533
320826
186848
103212
143224
210415
122822
148941
142828
614439
154734
412528
485757
113821
104820
134728
153833
147737
172534
203418
211720
135528
917558
169343
191235
103010
910241
175136
765056
512835
130114
127933
161832
144125
153732
397760
160123
145834
889579
102311
105620
196750
316835
176845
744553
361234
675661
178849
227432
878776
233326
275645
559053
192641
153631
152831
590047
937160
105216
993675
519647
125424
657659
121719
130619
263436
208226
137027
196851
820745
970764
195849
783462
108828
172433
904044
237334
908860
144933
185846
130720
706040
688569
581450
143325
461743
656253
164030
134223
162733
856766
185038
647858
151425
255639
193239
114823
580650
159845
119833
835657
157942
685058
566454
156233
141422
395251
680250
236130
162026
102109
433839
307127
179245
300719
339847
635245
143426
137633
421226
792867
140420
115219
206222
119025
559457
140319
172029
178647
186141
576255
200513
280739
112819
877269
453441
151021
952863
186444
616645
899885
134324
133019
173637
316633
882161
599065
231928
770352
149842
151930
707749
101915
825553
381038
204622
978578
942658
211114
211316
441939
147636
101107
348545
887373
923755
212116
660951
314225
171532
971160
849264
135730
761957
185947
117930
599469
303624
150524
735148
378857
627852
214019
201818
185341
211215
283543
469961
311320
113922
210112
792766
622236
195041
849971
901139
157437
356948
704238
196144
202113
552241
561444
206828
867468
837560
100307
102715
107018
268749
109830
789373
120414
299154
856463
172635
108222
571144
687163
200008
121921
865363
585862
209935
217126
178142
130821
859671
100408
481951
536647
664757
121416
552544
182840
251833
654552
930449
506234
555954
541640
146735
164131
814548
760551
158136
138534
285345
349244
911849
157336
212419
579665
382242
153934
366446
815247
249947
599671
115320
395958
144832
194443
149741
145127
803240
386250
206727
355239
571548
841349
497865
135932
151526
522434
119126
123117
436845
804646
759869
615441
200311
113417
146331
540436
845458
129331
445543
110411
149236
108020
131419
456346
133625
615744
185442
200210
270332
725751
137431
181131
123521
139435
118124
833249
211922
199453
898176
178950
623844
453542
877168
618952
171633
128329
177645
689470
139839
557857
181232
146937
213017
169545
634748
786569
734045
654350
199958
125525
573249
662551
926862
112314
613538
118023
118932
329440
573451
118831
360030
159441
194746
692964
191437
376247
192439
150928
179346
680957
623137
214524
810439
189652
167238
144428
611938
628248
138231
248339
994273
165941
825048
111716
769064
197651
148133
475855
377451
394956
202719
609143
196952
173334
585256
101309
672756
638049
558657
239944
146836
530635
205826
353740
128127
179952
105923
731140
188751
124624
136833
844961
108323
158540
788674
131217
104416
169949
151324
163836
732243
720337
148840
127832
727553
788876
198350
143830
818859
495255
123824
205220
524135
220721
131823
580751
613235
767464
135629
208024
194140
126628
346945
121618
117122
753150
187850
111211
167036
124220
694362
286347
958976
663755
499566
153429
300618
308331
173839
171734
385450
773257
154532
196346
550439
150726
130013
111009
872764
837964
159340
173738
115017
202820
148335
108525
118528
148436
166438
140824
120111
116726
129634
228434
826353
257542
176239
700634
395756
932554
211821
627549
110613
645551
207123
448347
683256
180836
432332
198451
486759
857263
365343
169747
102513
413934
178748
299760
211417
843151
182032
500222
134425
468050
912447
715041
870861
884064
959574
130922
107220
192843
191336
149539
274542
190031
116423
287248
160830
289555
186949
145632
588565
156637
206323
246133
568963
129028
175742
122317
103818
192136
257946
212318
280941
214423
549757
368551
333330
186040
180937
142424
965367
133827
529549
185139
757764
221218
210617
701535
972566
548250
329844
604537
110007
828862
155635
753251
200917
103414
175237
195647
547046
793465
748662
709551
182436
510326
129129
902242
156435
137532
992673
176037
702133
597869
901442
545345
109123
195445
368753
114419
175540
161630
677968
115724
601127
397861
390645
305830
723141
113215
128026
878877
748258
214726
239136
136126
136631
322224
106016
140925
765864
133928
751550
204319
112920
424939
150625
102008
715647
397154
567052
136732
695768
992774
818455
180129
519950
861456
146634
481042
192035
156536
117324
467351
342129
286650
756055
131924
480141
189349
191033
171128
298455
165638
221319
171330
167440
138837
165234
191841
728454
172130
127226
856968
162329
193441
814649
126426
168139
120212
406432
122620
492754
172332
869472
205725
180735
802844
562345
180533
156031
318637
826454
214625
163432
620434
119732
827052
334635
393247
114318
169141
919966
108121
155938
117728
134021
690152
130316
178243
362034
135124
173132
191942
105014
168240
598568
125222
872562
173536
124422
951457
106824
113619
114217
352738
135225
153126
419239
871964
192237
175439
715950
751348
293748
724446
112516
134829
626648
578057
771354
987983
705341
459453
346137
151728
896778
987074
137128
val_subjects
894774
194645
183741
479762
176542
153227
516742
392750
816653
896879
100206
518746
749058
163129
901038
164939
176744
159239
141119
109325
124826
295146
187345
809252
991267
463040
304020
144226
177746
325129
212217
130417
113316
256540
183034
209127
177342
120717
309636
465852
209531
181636
996782
158035
208428
965771
298051
749361
102816
734247
211619
173435
198047
159946
136227
154835
132017
257845
186545
158338
107321
336841
159138
162935
153025
578158
188347
165032
436239
129533
168745
165840
966975
134627
131722
822244
677766
140117
644044
825654
321323
165436
366042
103515
766563
127731
118730
917255
583858
199150
238033
680452
154229
114621
137229
204521
633847
174437
693764
152225
429040
121315
245333
170631
250932
513736
193845
173940
779370
531940
145531
990366
953764
210011
139637
201111
219231
947668
529953
737960
162228
159744
393550
171431
387959
128935
212015
167743
385046
105115
698168
149337
727654
102614
955465
358144
187547
212823
209329
521331
204016
126325
341834
213421
156334
553344
391748
729557
123420
742549
644246
182739
873968
957974
594156
177140
580044
517239
175338
589567
201414
139233
test_subjects
100610
101006
101410
103111
106521
107422
107725
111312
111413
111514
112112
114116
114924
115825
116221
117021
118225
120010
120515
123723
123925
127327
128632
129937
130518
132118
137936
138130
138332
141826
144731
146432
146533
147030
148032
150423
151223
151627
154330
154431
160729
161731
163331
164636
166640
168341
169040
169444
170934
172938
174841
175035
176441
177241
180432
187143
188145
188448
189450
192540
194847
197348
197550
198249
198855
199352
199655
200109
200614
201515
201717
203923
204420
205119
206525
207426
208125
208327
208630
209228
209834
213522
214221
217429
223929
224022
255740
281135
284646
297655
303119
304727
308129
317332
361941
378756
379657
380036
389357
401422
414229
415837
422632
473952
510225
513130
520228
523032
531536
555651
558960
561242
561949
562446
567759
567961
570243
579867
581349
586460
587664
592455
617748
645450
654754
656657
665254
667056
668361
671855
673455
679568
679770
686969
729254
774663
782561
792564
800941
810843
812746
833148
852455
871762
880157
885975
886674
888678
894067
894673
905147
907656
910443
922854
927359
929464
933253
962058
969476
973770
979984
983773
984472
989987
