train_subjects
480141
204319
103414
178849
756055
182032
166640
783462
753251
146129
128935
129028
137128
181636
256540
178748
209531
209228
333330
737960
153429
175035
122822
150928
667056
171128
521331
110613
522434
204016
169040
152225
153934
467351
172635
957974
202820
677968
654754
389357
126426
114823
757764
156031
144832
137229
125525
106521
111514
784565
571548
385450
114621
917558
869472
263436
694362
660951
578158
165840
463040
647858
202719
525541
300618
150726
169444
203418
293748
140925
151223
815247
506234
492754
436845
145127
144125
138837
149539
461743
727553
221319
901442
199655
158843
429040
618952
122317
510326
516742
135225
749058
871762
677766
257845
108828
481042
141826
180129
131823
937160
208428
165436
692964
200311
160123
153126
114116
208024
172029
701535
753150
656657
115825
748258
113316
397154
115219
171633
481951
191841
237334
377451
239944
888678
570243
401422
116524
555954
393247
113821
214524
161630
185947
148941
211114
111312
214019
196851
104416
171330
128632
171532
348545
562345
309636
445543
628248
167743
307127
908860
148840
803240
555348
518746
112314
145632
209127
211720
932554
856766
627549
158540
147737
100610
121921
172433
308331
390645
561444
286650
119833
189349
128127
297655
804646
113417
135528
172534
901139
172130
953764
123723
197651
283543
176744
107018
441939
201111
180836
599469
616645
208630
100206
105620
120717
680957
576255
101410
211316
227432
178950
947668
117930
626648
843151
191437
859671
295146
132017
112516
257542
212015
236130
645551
174437
207426
145531
173435
587664
173536
139233
930449
352738
878776
210617
197348
143224
693764
599065
715647
142828
120212
393550
598568
287248
573451
175439
208327
788876
228434
965771
392447
103010
193441
175742
567759
268850
176441
654552
579665
100408
567961
109830
180533
620434
353740
255740
108525
689470
118124
899885
290136
371843
155231
199150
105014
381543
177645
412528
192237
212823
275645
118023
116221
136126
133019
177241
204622
246133
107321
742549
213522
177746
123925
187850
317332
581349
165234
270332
150625
134829
634748
188347
761957
397861
168240
268749
131217
530635
308129
567052
590047
786569
381038
877168
972566
531940
512835
627852
183337
162733
706040
154532
199352
709551
162228
702133
117122
856463
792867
186141
203923
119025
209329
176542
192439
139435
280739
103515
686969
623844
378756
121315
325129
350330
735148
206323
172938
127933
144428
123117
109325
285345
978578
127327
160830
125424
715041
173132
299760
211619
137431
769064
926862
456346
221218
212419
589567
695768
165941
952863
724446
148436
346137
116423
510225
898176
188145
165032
280941
872158
152831
885975
558960
212116
865363
728454
180735
129634
188751
304727
330324
182436
422632
193239
154835
557857
159239
191942
965367
102816
164131
760551
186848
635245
468050
990366
917255
224022
810439
195647
211215
245333
609143
200008
664757
857263
336841
130720
958976
814649
149236
894067
255639
688569
424939
889579
559053
391748
362034
143426
943862
987074
115320
210112
378857
149842
884064
654350
200917
852455
303624
687163
219231
856968
124826
849264
192641
154936
822244
397760
700634
334635
204420
680452
979984
168139
181232
767464
129533
820745
366042
298455
905147
433839
355239
248339
152427
922854
748662
613538
217126
305830
896879
197550
100307
196144
134324
198451
969476
156637
698168
989987
580650
561949
120111
105923
497865
158136
562446
812746
151728
172332
175540
788674
361941
194140
580347
566454
887373
679568
513736
154330
161832
206929
299154
379657
111211
828862
118932
825553
113215
894673
257946
789373
316835
200614
153631
665254
300719
165638
623137
131419
559457
173637
198047
193845
108121
685058
970764
202113
751550
844961
146836
912447
827052
871964
143830
191235
951457
346945
129129
105216
227533
727654
111009
485757
196750
329844
436239
122620
160729
135629
622236
475855
195950
973770
194847
148335
163836
176037
102109
765864
366446
187143
151526
156233
779370
987983
213421
285446
536647
929464
107725
126628
133827
192843
129331
597869
118730
192136
144731
159340
153732
107422
880157
167238
104820
175136
130417
149741
179952
419239
454140
933253
573249
233326
771354
205826
615744
136227
159744
139839
825654
169141
185341
138534
123420
734247
214726
124422
826353
135124
959574
231928
158338
177342
211417
148133
199251
133928
118831
209834
991267
157942
579867
298051
213017
129937
134425
904044
137027
421226
170934
206222
644044
705341
861456
380036
529953
210011
406432
281135
136631
192035
102311
614439
983773
168947
545345
675661
673455
715950
114217
178647
167440
102715
158035
120010
144933
210415
214625
146735
837560
108020
161327
284646
896778
153833
145834
316633
971160
194645
121618
130013
633847
415837
250932
459453
723141
128329
171734
173839
186040
341834
118225
524135
663755
816653
529549
120515
128026
870861
725751
704238
191336
214221
135730
169949
111413
206525
662551
134223
151627
138130
962058
173940
385046
140420
966975
499566
585256
617748
119732
198350
151021
166438
182739
212217
585862
185038
732243
130922
102513
154431
141422
211922
153227
195849
321323
163432
156435
101309
189652
517239
186545
146331
101915
657659
352132
187345
392750
531536
101006
583858
140824
163331
204521
984472
188448
368753
185139
161731
793465
101107
495255
167036
139637
134728
138332
106319
274542
594156
561242
146432
395756
453441
val_subjects
114318
176239
130619
187547
163129
555651
303119
204218
841349
668361
192540
180937
121416
550439
135932
349244
867468
872764
159946
894774
107220
175237
601127
206828
586460
907656
581450
185442
486759
448347
134627
792766
194746
106016
217429
190031
115017
519647
395958
164030
150423
818455
118528
183741
565452
115724
833148
168341
178142
547046
638049
127731
185846
993675
189450
157437
164939
644246
199958
541943
108222
849971
140319
927359
169343
124624
751348
395251
360030
112819
130518
209935
996782
132118
188549
156536
994273
137633
123824
763557
680250
615441
130316
120414
147636
127630
837964
759869
774663
523032
117324
919966
432332
613235
782561
339847
406836
818859
770352
207123
174841
182840
154229
200109
133625
102008
358144
122418
159441
113619
250427
136732
886674
114924
206727
186949
170631
151324
513130
198855
127226
386250
181131
356948
473952
656253
901038
765056
832651
162329
137532
180230
322224
105115
102614
878877
744553
329440
195041
198249
199453
549757
911849
144226
212318
196346
599671
453542
672756
877269
376247
143325
568963
205725
119126
201414
387959
414229
318637
825048
173738
196952
test_subjects
103111
103212
103818
104012
106824
108323
109123
110007
110411
111716
112112
112920
113922
114419
116726
117021
117728
121719
123521
124220
125222
126325
127832
130114
130821
131722
131924
134021
136833
137936
138231
140117
141119
142424
146533
146634
146937
147030
148032
149337
150524
151425
151829
151930
153025
154734
155635
155938
156334
157336
159138
159845
162026
162935
164636
168745
169545
169747
171431
173334
175338
176845
177140
178243
179245
179346
180432
183034
186444
191033
194443
195445
198653
200210
200513
201515
201717
201818
205119
205220
208125
208226
211821
214423
220721
223929
238033
239136
249947
251833
286347
289555
304020
310621
311320
314225
320826
342129
361234
365343
368551
382242
394956
413934
449753
465852
469961
479762
500222
519950
520228
540436
541640
548250
552241
552544
553344
558657
571144
572045
578057
580044
580751
588565
592455
604537
611938
645450
671855
679770
683256
690152
707749
713239
720337
729254
729557
731140
734045
749361
766563
773257
792564
800941
802844
809252
810843
814548
826454
833249
835657
845458
872562
873968
882161
891667
902242
910241
910443
923755
942658
955465
992673
992774
