train_subjects
1908882
1237457
1055517
1932781
1057735
1208553
1805118
1216477
1785648
1177680
1130177
1903028
1839105
1090335
1054266
1979952
1323024
1820349
1318149
1526733
1368713
1983156
1248486
1183470
1208734
1891856
1266479
1031136
1105667
1061856
1501122
1982992
1862568
1157354
1205968
1401661
1465948
1306638
1080715
1525156
1135124
1407019
1316025
1331553
1682449
1279431
1626330
1156022
1138546
1233406
1097117
1419052
1400745
1148571
1194148
1055216
1003114
1594284
1570881
1040213
1906383
1444390
1693467
1695423
1002546
1269696
1180648
1549868
1303831
1174737
1281502
1626433
1388352
1954117
1177371
1339447
1025869
1182886
1160882
1134039
1663790
1001756
1979407
1208776
1184517
1658720
1350877
1009097
1468397
1640477
1067276
1709508
1573067
1315170
1228400
1228785
1948833
1393222
1441402
1185197
1006526
1003470
1152464
1022081
1072337
1186434
1248588
1409242
1175068
1012410
1927249
1108044
1437938
1113428
1404695
1466956
1318982
1400734
1929062
1325695
1942231
1268329
1523774
1226639
1694470
1825119
1451357
1915189
1499229
1159618
1346836
1503534
1879281
1116495
1785763
1435224
1389746
1132346
1573074
1414448
1002095
1252680
1108464
1978592
1947748
1374864
1428769
1480639
1708100
1455831
1117077
1480156
1215406
1175630
1194298
1098994
1547018
1952831
1296444
1788603
1808080
1590825
1022287
1478940
1350493
1244114
1810040
1456243
1305312
1194633
1525174
1131209
1692755
1838206
1361113
1675790
1070455
1314246
1412125
1622121
1753283
1415743
1480460
1807497
1460238
1011000
1406174
1147581
1254337
1108170
1407007
1957045
1393297
1676405
1158133
1106353
1838138
1762181
1303050
1620589
1288237
1500071
1123625
1549620
1173427
1089751
1269837
1040267
1995982
1782072
1742047
1452898
1393899
1111963
1971753
1765538
1170897
1360428
1133543
1143344
1129104
1062500
1102860
1185580
1523394
1043701
1028964
1182493
1845550
1547666
1770227
1895088
1119729
1707495
1949625
1031476
1136686
1481132
1388053
1067514
1335847
1231746
1455419
1425275
1376218
1267020
1126668
1133521
1425108
1181756
1087294
1306479
1360911
1571449
1352087
1217288
1139280
1293667
1893080
1030481
1054163
1394896
1332005
1375500
1318127
1344734
1051835
1273312
1064952
1821048
1035838
1414898
1276633
1818368
1521121
1272967
1420901
1621934
1111705
1323036
1169241
1068597
1042567
1937426
1226795
1393118
1245787
1658387
1401825
1113544
1974470
1931764
1022588
1784988
1569040
1295990
1974024
1059028
1406411
1859432
1483271
1376475
1154194
1871930
1223306
1428396
1386784
1377533
1050683
1923175
1696034
1661267
1624744
1875569
1162321
1335023
1170182
1151630
1406390
1706695
1982457
1137366
1782520
1009927
1053699
1675045
1793014
1723806
1520072
1743056
1375378
1875142
1626314
1789309
1289634
1165921
1081591
1026440
1013763
1741672
1221406
1435362
1254353
1116256
1223459
1461502
1084201
1550542
1623729
1694619
1088889
1525483
1178629
1392868
1288335
1820687
1456100
1201004
1497847
1305468
1067817
1138597
1241460
1139940
1824288
1156863
1447875
1312318
1304074
1421071
1268689
1330619
1504076
1826059
1835567
1211590
1340012
1820700
1861808
1789480
1156121
1323520
1138718
1155416
1820953
1983435
1767835
1520188
1245359
1755215
1739821
1928809
1109233
1123769
1130699
1134021
1765792
1164060
1420310
1909498
1226900
1438063
1429534
1765481
1399824
1291634
1205995
1207952
1018012
1431862
1318055
1130457
1424565
1381465
1070493
1589767
1166252
1767351
1063232
1756536
1213352
1519262
1151310
1434504
1675905
1688930
1917678
1925508
1145421
1606560
1097782
1332259
1364114
1293164
1246707
1824332
1888051
1372820
1327577
1031870
1106939
1186250
1061624
1195180
1447236
1167142
1194172
1171979
1151821
1097205
1165964
1322387
1157229
1395455
1365832
1231305
1606095
1221719
1229533
1620777
1139559
1002560
1621928
1840651
1154902
1591075
1406066
1976045
1106341
1332602
1073434
1979730
1420107
1155559
1038038
1138649
1871440
1187645
1892253
1821518
1418922
1457194
1102941
1109218
1479215
1893471
1005792
1411219
1333228
1932147
1168846
1023481
1187860
1894490
1523081
1848272
1259560
1749982
1138400
1787917
1169110
1094579
1137678
1137421
1790070
1545722
1550815
1974048
1348687
1002455
1126792
1947521
1791500
1074683
1000880
1453280
1277496
1706879
1195804
1940672
1354780
1519602
1071750
1844836
1369749
1860499
1950735
1434533
1590880
1847815
1821267
1199074
1424137
1823636
1056098
1232239
1127834
1749760
1841764
1749453
1039975
1950711
1738852
1145622
1931830
1380318
1333654
1169499
1091730
1690740
1662884
1609226
1042490
1042749
1078584
1320384
1931059
1143650
1837263
1636105
1211983
1981668
1222354
1149535
1752723
1818672
1197655
1232088
1386528
1158648
1998341
1185262
1841401
1051067
1625184
1314801
1753368
1446932
1737618
1838948
1807961
1293914
1840417
1780490
1163771
1026638
1425736
1903147
1411878
1907680
1549239
1194740
1522348
1373200
1372249
1818693
1082897
1749845
1230496
1130752
1365097
1117788
1658376
1912020
1134538
1147526
1736610
1948534
1155607
1860814
1289822
1737647
1706866
1309922
1421425
1927142
1916249
1026217
1280940
1089336
1091637
1681467
1550419
1194794
1187755
1169425
1022654
1259578
1655367
1480510
1180451
1891254
1195896
1291404
1316761
1285818
1352069
1256953
1416393
1117714
1391000
1996440
1009728
1568143
1401087
1762886
1303012
1015821
1460754
1207481
1252832
1344613
1937599
1690659
1178271
1203868
1635402
1283933
1068747
1877856
1095738
1201500
1178751
1237728
1809536
1592303
1152609
1893447
1456633
1261126
1129557
1904833
1101569
1038140
1359156
1820042
1675278
1189347
1383645
1338311
1084571
1253955
1812817
1299297
1327080
1766731
1173337
1879929
1002053
1416945
1836491
1826467
1523996
1126086
1783720
1194434
1159563
1590465
1480079
1940091
1876240
1873340
1080696
1250777
1197905
1903813
1305869
1360476
1009613
1808883
1140425
1106781
1384098
1985824
1129986
1011940
1017930
1291447
1812269
1424245
1809480
1168194
1378911
1076931
1202118
1161338
1134204
1065338
1343303
1775484
1350999
1927031
1171114
1662983
1063140
1234206
1780109
1401726
1229343
1101534
1623587
1545429
1342127
1571254
1358529
1656900
1445037
1709087
1477581
1928941
1996362
1244547
1312046
1197449
1271800
1498001
1021999
1249641
1835574
1091773
1607582
1387137
1822469
1053415
1228068
1891384
1289717
1002942
1400150
1941889
1275463
1196282
1392367
1593437
1396786
1393003
1063586
1444375
1422488
1237054
1110692
1878849
1189385
1430239
1705561
1460663
1697461
1431344
1821242
1387551
1056574
1548196
1265106
1433474
1229504
1073782
1790424
1929926
1567021
1640323
1118858
1872444
1242687
1016851
1108184
1112880
1847259
1958806
1927460
1948587
1096067
1230937
1994471
1001713
1016786
1394552
1370032
1217804
1275178
1807729
1052023
1449090
1120331
1954563
1216137
1498067
1525167
1724114
1446705
1943339
1014101
1751364
1675133
1355433
1036421
1306431
1347972
1658334
1859021
1227904
1501389
1708014
1893577
1303602
1454572
1314010
1792353
1332317
1545130
1804568
1950151
1214261
1942877
1135445
1465446
1940045
1303894
1187603
1931425
1824167
1235901
1924656
1994610
1635518
1862776
1333075
1462629
1283486
1915193
1077160
1082793
1214930
1414720
1181081
1043985
1939545
1504003
1208217
1378469
1431435
1706154
1209230
1389504
1826128
1875729
1113954
1893485
1302824
1236919
1008057
1013719
1131594
1061449
1810344
1027743
1592391
1181090
1101375
1232895
1812697
1482498
1958456
1285729
1324608
1606369
1101156
1996396
1693499
1222712
1478305
1296808
1071096
1236963
1064064
1974017
1376355
1020643
1267442
1214988
1544811
1762310
1641755
1570570
1824066
1422329
1401744
1937727
1272369
1571104
1094427
1751106
1095323
1548045
1620548
1840240
1000246
1175850
1103401
1568949
1213913
1305149
1326816
1104130
1546396
1049351
1467515
1751343
1233104
1283129
1593619
1213974
1360731
1655766
1500474
1405853
1592257
1287246
1637849
1366732
1431885
1254655
1343733
1045214
1931335
1252293
1877337
1143820
1447601
1592877
1675196
1076828
1023146
1116559
1368234
1144185
1675964
1422159
1144329
1066847
1661663
1217381
1422838
1862826
1153641
1142890
1287648
1571986
1337329
1155495
1197104
1877488
1497174
1357233
1925939
1592578
1284519
1622035
1256182
1293625
1089706
1805395
1720250
1062438
1977522
1706751
1994314
1862177
1029978
1957406
1067287
1777004
1678755
1352028
1857417
1199968
1981751
1269685
1003632
1036933
1263317
1875411
1002785
1843239
1573941
1397992
1953551
1092965
1837281
1272068
1299977
1870571
1621727
1189320
1278180
1721989
1912346
1064300
1974201
1162441
1058723
1242724
1130734
1330468
1238952
1997295
1281431
1888301
1048666
1551782
1111145
1637932
1354168
1402932
1272509
1609902
1548159
1783002
1760370
1934184
1917090
1443159
1395132
1706857
1388448
1335066
1237613
1381337
1312177
1361292
1115835
1313227
1441468
1336956
1591170
1637096
1223564
1503411
1334870
1313569
1877867
1291496
1499085
1977257
1400333
1139783
1903912
1034710
1155165
1821225
1121628
1021472
1154586
1955251
1238197
1722462
1082038
1811606
1287594
1356201
1477633
1356312
1118121
1755053
1389852
1606231
1267004
1379939
1241698
1111764
1567706
1071085
1143993
1116908
1641182
1130642
1402827
1145032
1081273
1121496
1856763
1287557
1880357
1149720
1321742
1503989
1521457
1656612
1183225
1292605
1151455
1754478
1108701
1823302
1264822
1444528
1846192
1152245
1265024
1010404
1547169
1233451
1323778
1425327
1749632
1906990
1366368
1987298
1941063
1407315
1122138
1927948
1352260
1374583
1982494
1456356
1209972
1877899
1162036
1888544
1284092
1209101
1166308
1148017
1285358
1846061
1859602
1462262
1257590
1424800
1998582
1658303
1176555
1448976
1000672
1750968
1388002
1222309
1367771
1640058
1625308
1842353
1872773
1437771
1606692
1995966
1638302
1420843
1329745
1819239
1236615
1164457
1423155
1391915
1880527
1452417
1519300
1504582
1414294
1167741
1221813
1275160
1098711
1016963
1103229
1094254
1094838
1278040
1238490
1319560
1233661
1418469
1162658
1463184
1524342
1240997
1147264
1285015
1432941
1156728
1457878
1436003
1404197
1466913
1147954
1419246
1739002
1435347
1007459
1720895
1150435
1079510
1856825
1413236
1145678
1296296
1753523
1026516
1069803
1892944
1414974
1025312
1450998
1216861
1328249
1182158
1184666
1134109
1021223
1481759
1183437
1262170
1230418
1187327
1984624
1981475
1317155
1002387
1070029
1453979
1342711
1927993
1022920
1176110
1692099
1156674
1327724
1027134
1299661
1152800
1303039
1415152
1050985
1765419
1270430
1995711
1679517
1956511
1248889
1398262
1147403
1314278
1567882
1636914
1244518
1692140
1656199
1128301
1723268
1234702
1424947
1911880
1022184
1805899
1442338
1168941
1694441
1146166
1841593
1214613
1756682
1210039
1375309
1956704
1480454
1308825
1049634
1706218
1677358
1779434
1769667
1196472
1203997
1368780
1711502
1344890
1380046
1054345
1694845
1636362
1348652
1001767
1017408
1622150
1279396
1353049
1065325
1142965
1444180
1286037
1977461
1609179
1338110
1770820
1380906
1821760
1394955
1862553
1063349
1017457
1018247
1455808
1252320
1288892
1840913
1974658
1431113
1280533
1390586
1337880
1905489
1239276
1390314
1420132
1950518
1222241
1128532
1257051
1200901
1236499
1083975
1207372
1133628
1880007
1234460
1434908
1461078
1122435
1499593
1128895
1113410
1939510
1080148
1500096
1211239
1248713
1978394
1097590
1044124
1168388
1208396
1431795
1777268
1105121
1294886
1791814
1459054
1465251
1810716
1155024
1320427
1928628
1780064
1332976
1180147
1414509
1937815
1231957
1207714
1317469
1932297
1362984
1426093
1135325
1949415
1369317
1860253
1453760
1950778
1461408
1301126
1941947
1331105
1400529
1347497
1720620
1913140
1167326
1335716
1353757
1856594
1101643
1242207
1681229
1002554
1304724
1100708
1358667
1568248
1568371
1567945
1035118
1144921
1021560
1153475
1165278
1549740
1103467
1979122
1755257
1034333
1102539
1030247
1610162
1480411
1714841
1932254
1918002
1329236
1397745
1591836
1152565
1027354
1943173
1915618
1777721
1393998
1791311
1279541
1318828
1957964
1374190
1267608
1227450
1818939
1244364
1370331
1172978
1390258
1637020
1374158
1347015
1242219
1072617
1985817
1084267
1132096
1020768
1811119
1009060
1861580
1314838
1754917
1080978
1451836
1315090
1043861
1839553
1319132
1283116
1452877
1836633
1033016
1313079
1270943
1046084
1184657
1570791
1044870
1093156
1165939
1132456
1806443
1210050
1682531
1972001
1706021
1034121
1915978
1121351
1205789
1055110
1663159
1417760
1522695
1433932
1984370
1457929
1722471
1027020
1363990
1153021
1378829
1016033
1663034
1724267
1285989
1752487
1468152
1522183
1403194
1061246
1822006
1118826
1450414
1425564
1877775
1434658
1818912
1147239
1957222
1808755
1341696
1982371
1201311
1845521
1976316
1251903
1752532
1344060
1544995
1940196
1295712
1153749
1819027
1188552
1551563
1280437
1979285
1266516
1786210
1277290
1332501
1354872
1873090
1032242
1828086
1325077
1410836
1375907
1656125
1254758
1688826
1918119
1985203
1932118
1347307
1805790
1398840
1722420
1119288
1221162
1057559
1272913
1229559
1319509
1694072
1682185
1708581
1169798
1551172
1003559
1344320
1299052
1437886
1324020
1777059
1189408
1292528
1903353
1060371
1768702
1113779
1208541
1406587
1926861
1453201
1085217
1041371
1414070
1123466
1955795
1262683
1930029
1567262
1099037
1502143
1271075
1089324
1088412
1047091
1324187
1141098
1056882
1368315
1239530
1400890
1997004
1399817
1570466
1430298
1210525
1025192
1095872
1953920
1419406
1206783
1171834
1778120
1050697
1044526
1075080
1343597
1817990
1624899
1034289
1891998
1453072
1037094
1090187
1089599
1438141
1232946
1821994
1809020
1061488
1353685
1778557
1889069
1076343
1231607
1874434
1482245
1911943
1438153
1180693
1808388
1661518
1659036
1007496
1227234
1690250
1448146
1765879
1283450
1941331
1101677
1053186
1719314
1088817
1547873
1138436
1359833
1165087
1917276
1411970
1255184
1414387
1446814
1980682
1357910
1344699
1273915
1011106
1741842
1879140
1044909
1069644
1975371
1724242
1311952
1980270
1341895
1804890
1822403
1073911
1855807
1209871
1155876
1446561
1067315
1243270
1909234
1159298
1448903
1265484
1371984
1523498
1283245
1138665
1054597
1769440
1412534
1055888
1894481
1090413
1143326
1623066
1780285
1116274
1757112
1191667
1254341
1316755
1689664
1791958
1396640
1093066
1978366
1300545
1641860
1109160
1038351
1888298
1741162
1769255
1439481
1297626
1284757
1347375
1057619
1160419
1571368
1974979
1841229
1169311
1276696
1139585
1768156
1152660
1117021
1638406
1439135
1220431
1638856
1812514
1956400
1047689
1996385
1148416
1247002
1368443
1593803
1636568
1622224
1132268
1426585
1019379
1323562
1766161
1020411
1182839
1047034
1996143
1180880
1610707
1089426
1432263
1455296
1268880
1354026
1281537
1856950
1808330
1903617
1806116
1778636
1498115
1194193
1320790
1707343
1084484
1573700
1112636
1756442
1478429
1768358
1956535
1071202
1932693
1157253
1821644
1384135
1444924
1176608
1860128
1096543
1301417
1298380
1856283
1023393
1766802
1130224
1226375
1545225
1786203
1012507
1251122
1879603
1609676
1332952
1265778
1003957
1132216
1272455
1018324
1192490
1458174
1407933
1132270
1012088
1656180
1378445
1352939
1429101
1142516
1677605
1057339
1151509
1105776
1246414
1401246
1097049
1160426
1720124
1247068
1123951
1929851
1345856
1400320
1251300
1082550
1411521
1148797
1142164
1937324
1385239
1413914
1736404
1711674
1350913
1227075
1913564
1656008
1781434
1371115
1060083
1430946
1548672
1333889
1347833
1999782
1343759
1163489
1201474
1123674
1044997
1518817
1450856
1118396
1037972
1018178
1181611
1120170
1765616
1049108
1320594
1608270
1954239
1097445
1926701
1947485
1113766
1787859
1994809
1230652
1314732
1037008
1356093
1783489
1976775
1240313
1144278
1095635
1791152
1323891
1380667
1388522
1367821
1591800
1027712
1457418
1549342
1236682
1065374
1131661
1343630
1003797
1309696
1592651
1339748
1479282
1873394
1465534
1917506
1663171
1404109
1755511
1660970
1107522
1975224
1226156
1791657
1788878
1213387
1344035
1138980
1135092
1460061
1524715
1306568
1087974
1447642
1268801
1822380
1183746
1087898
1821596
1423189
1061076
1347917
1755240
1414400
1259068
1657450
1360243
1627049
1448991
1680181
1354184
1304793
1194030
1270600
1808793
1143576
1399168
1193654
1209936
1932034
1907699
1419758
1282727
1349944
1170687
1709091
1232633
1275247
1045446
1398792
1374673
1238135
1412510
1237863
1721142
1290646
1948454
1766452
1273810
1443790
1225172
1661746
1147065
1019527
1929480
1058313
1376653
1400807
1434663
1205330
1518959
1299707
1838900
1292422
1124144
1035867
1104165
1121485
1217167
1422939
1916292
1545495
1453106
1261546
1310187
1000867
1007462
1426048
1076468
1286974
1023815
1356803
1820420
1025225
1940337
1096074
1608888
1412497
1201401
1279255
1151898
1803535
1154306
1336294
1016191
1951105
1067291
1876068
1371123
1419648
1295134
1154166
1063846
1047211
1765444
1544351
1466472
1333904
1387861
1166102
1345034
1295975
1941168
1160857
1056432
1926780
1742499
1101358
1906500
1170365
1224823
1789990
1404831
1888092
1779507
1273441
1106449
1655671
1175400
1790597
1479771
1766708
1051330
1029301
1399234
1857279
1549313
1342256
1105198
1421467
1198657
1087436
1088382
1419977
1757745
1177529
1953421
1428054
1405301
1329541
1427928
1017769
1379246
1234288
1768770
1170351
1109538
1680334
1259974
1227477
1001889
1877010
1035579
1074551
1311928
1013076
1593280
1724533
1245734
1984986
1226273
1026826
1294821
1289897
1000414
1237385
1399032
1401254
1809499
1361422
1414511
1783718
1943585
1047118
1231468
1023695
1382062
1625592
1433888
1002665
1392092
1346701
1303629
1176134
1973474
1334476
1657439
1836380
1110455
1639954
1927082
1314813
1134183
1498577
1201096
1158732
1497319
1976052
1610636
1952005
1037079
1158905
1117259
1064538
1413745
1082496
1820995
1441470
1997480
1213898
1857436
1414771
1384882
1007433
1300057
1308617
1879539
1179817
1349873
1405006
1451646
1424357
1061726
1753147
1459143
1403577
1203136
1391267
1808038
1109077
1447745
1276313
1874960
1760732
1310608
1838023
1219615
1916381
1031051
1059986
1296823
1083682
1217664
1055187
1271918
1356106
1622776
1841295
1482439
1909421
1298633
1314842
1908247
1679309
1742981
1282513
1768446
1997981
1739223
1423618
1941514
1257403
1221689
1346228
1350387
1929145
1123359
1741278
1324640
1162940
1609691
1637059
1017011
1679202
1439866
1656363
1720604
1952599
1609628
1380022
1843662
1211946
1382018
1999049
1764694
1823316
1674863
1608020
1307589
1346366
1130022
1483220
1571341
1929608
1006338
1383459
1306703
1939082
1191121
1840980
1298117
1042616
1981135
1079885
1422222
1924832
1218789
1229173
1456374
1995520
1056348
1876294
1207751
1736232
1303934
1594401
1275765
1818636
1811037
1178324
1070839
1193075
1280350
1973694
1806893
1822563
1790925
1987027
1247665
1111926
1641471
1842600
1172633
1380177
1185419
1317841
1453470
1141987
1432194
1907703
1195847
1046215
1406381
1779841
1301016
1521097
1439952
1166742
1369039
1790053
1936797
1261692
1102108
1803938
1124163
1046578
1353476
1374843
1520520
1519271
1294400
1152817
1086395
1293613
1925159
1134475
1194766
1199550
1572963
1293537
1013655
1754206
1845598
1250932
1350037
1162619
1936760
1304275
1978116
1137799
1148520
1133634
1710343
1393353
1358541
1709133
1105255
1198062
1721643
1241497
1837108
1504880
1166514
1769680
1858044
1328936
1635055
1242984
1940758
1278292
1288047
1911010
1137195
1571384
1127017
1818531
1590010
1126542
1381842
1156333
1811688
1437158
1751533
1241605
1194829
1256835
1055059
1258709
1032061
1126039
1274085
1523090
1677936
1388839
1694114
1819911
1463738
1300460
1477983
1370287
1364709
1609404
1400638
1957246
1351311
1692459
1393235
1229055
1402944
1376542
1341239
1949457
1916411
1105787
1166780
1100558
1982973
1891790
1862875
1957801
1004237
1351413
1870632
1046785
1286692
1010281
1363383
1981183
1287880
1708117
1020576
1458702
1523032
1074252
1207866
1781410
1254579
1077324
1783796
1256929
1677961
1398122
1873767
1940775
1370228
1353618
1074971
1300643
1844654
1241924
1834990
1187182
1502674
1808290
1350821
1071926
1360205
1999532
1378410
1359591
1128243
1424996
1298922
1253307
1952324
1350352
1985269
1090346
1058954
1114102
1660420
1167503
1355207
1283592
1013594
1232476
1738735
1841623
1103615
1343132
1234156
1267830
1154207
1003192
1406833
1756110
1115290
1094977
1524161
1503716
1006428
1681524
1224043
1149240
1675557
1722669
1980311
1016071
1020249
1807411
1139343
1353301
1724061
1049937
1719628
1569936
1590950
1188251
1984118
1075634
1232445
1156826
1194100
1013406
1862097
1020101
1891414
1126602
1186526
1421806
1444795
1374597
1121226
1420535
1608134
1409280
1274110
1285605
1241113
1054223
1033068
1818406
1387276
1639563
1904948
1889867
1433739
1982320
1937043
1236216
1978379
1136833
1297957
1017078
1161946
1385476
1138821
1706336
1376050
1033771
1233594
1951667
1248366
1271933
1352986
1846504
1640817
1018857
1523920
1999563
1045972
1024459
1269356
1270492
1986290
1889449
1026875
1942215
1041217
1343980
1173196
1060529
1477172
1432459
1338499
1075281
1155305
1260390
1063748
1078601
1822590
1432433
1167871
1248308
1170755
1138812
1002796
1354269
1911278
1570930
1978382
1006065
1181019
1156568
1218577
1191494
1806090
1724453
1409562
1271947
1133854
1481369
1182303
1977925
1953137
1178146
1959074
1415963
1462050
1372650
1160475
1355916
1402865
1123728
1274873
1286785
1272208
1499786
1172868
1023389
1778069
1199761
1954895
1193756
1025966
1065161
1875896
1421096
1374877
1416695
1013986
1907674
1749321
1195612
1182095
1768741
1395649
1806611
1722392
1104979
1095276
1055346
1241569
1211740
1304736
1224991
1121038
1148441
1233775
1176103
1622457
1085863
1030146
1266734
1593518
1466240
1021980
1242275
1782607
1932617
1574086
1915782
1459745
1778531
1070511
1192218
1161434
1810993
1339724
1414208
1976028
1341452
1384668
1624838
1067269
1029356
1019611
1451412
1165912
1203100
1224098
1007968
1755673
1082687
1010001
1989938
1082025
1931705
1122587
1002597
1621393
1996844
1925052
1312807
1768113
1452455
1739877
1223404
1978713
1842451
1019635
1160285
1344423
1253569
1253784
1347156
1345384
1306992
1010099
1180566
1183979
1310623
1130516
1410450
1285273
1522684
1462894
1447680
1855752
1891427
1205521
1825126
1024462
1808001
1259119
1269853
1321308
1589918
1523058
1245875
1593000
1252703
1997268
1136180
1166195
1843434
1070002
1273520
1147313
1552149
1428595
1787664
1451464
1304351
1375047
1755119
1201975
1770015
1029338
1891508
1215867
1326954
1837131
1503344
1229048
1254912
1176712
1757139
1146717
1196839
1191304
1889185
1153525
1047726
1205226
1636674
1877384
1742694
1210934
1247898
1818825
1295270
1448050
1984120
1204394
1238039
1135014
1804046
1826888
1661783
1706160
1840901
1335125
1131329
1284983
1069915
1679932
1340857
1857509
1022947
1143332
1029286
1679963
1909081
1143859
1277056
1994902
1308414
1607707
1878378
1824664
1179137
1779136
1523848
1902491
1157712
1075327
1609916
1454335
1941654
1083237
1005109
1405558
1042831
1084213
1312408
1430286
1363517
1385342
1411748
1238765
1389238
1766189
1350546
1389256
1995994
1020804
1083827
1820717
1636502
1943453
1275788
1397143
1690983
1134903
1678418
1626418
1210637
1218263
1300698
1500456
1429454
1322107
1433346
1322493
1058088
1422147
1622826
1088742
1750418
1100136
1075676
1190036
1209265
1068257
1087240
1272974
1908567
1870072
1091361
1074170
1011343
1740584
1367805
1134580
1498404
1058286
1640308
1847220
1269884
1858019
1428844
1191011
1549264
1280778
1247126
1106707
1392469
1926573
1085826
1184311
1019565
1924914
1395002
1571661
1520887
1369259
1135620
1399063
1942461
1273173
1148504
1521791
1705679
1387210
1059781
1257816
1887274
1088565
1792341
1075306
1320672
1520571
1090322
1929623
1073172
1160317
1930215
1998395
1986505
1740787
1857535
1689545
1930812
1083480
1229072
1296197
1094912
1972388
1610034
1787503
1025626
1430428
1303296
1706355
1917195
1606597
1497422
1928929
1625996
1427160
1593312
1917394
1067019
1977231
1878500
1018525
1003982
1369727
1365105
1019153
1423452
1179622
1059867
1826657
1164482
1679253
1452688
1038179
1903781
1247509
1288524
1180337
1074063
1694722
1768460
1477065
1192271
1299222
1279371
1126580
1354920
1549715
1785672
1692281
1721446
1329595
1305994
1427910
1822837
1161212
1909331
1693413
1932341
1235509
1366689
1846681
1168652
1394066
1640252
1840821
1165813
1260639
1876980
1944191
1956630
1951035
1429174
1640824
1624943
1357220
1840387
1519183
1205586
1606796
1974797
1724305
1422045
1111295
1265453
1320329
1784625
1822338
1009553
1143319
1711198
1524313
1110522
1024365
1368800
1231165
1198442
1305061
1950398
1364619
1695776
1478364
1140608
1013732
1452472
1442841
1365054
1389754
1705615
1788669
1390392
1677435
1974869
1355724
1008917
1629163
1294266
1166573
1803821
1877874
1335612
1129297
1481704
1910431
1008125
1249730
1358826
1949347
1333276
1357178
1322785
1362717
1130703
1039018
1525214
1260082
1481231
1273416
1695863
1912798
1088366
1235424
1662487
1000395
1059222
1218736
1034973
1327809
1151240
1844129
1946922
1708367
1288851
1072104
1722166
1445864
1190596
1914969
1721924
1234230
1640996
1372381
1130198
1524239
1040130
1240507
1010676
1743001
1607222
1155663
1976986
1093795
1363764
1983741
1153894
1929981
1840455
1288268
1425232
1261578
1827728
1523044
1098061
1012563
1692883
1870760
1297470
1609564
1677288
1997548
1942839
1114412
1142638
1277433
1069828
1893984
1309049
1770206
1361409
1275475
1390543
1426571
1255780
1316013
1352600
1325765
1236666
1406409
1335587
1393775
1147250
1027548
1325154
1299159
1926611
1659957
1318619
1572413
1180986
1027865
1432953
1427324
1681110
1300180
1372008
1423671
1810503
1768871
1955358
1572640
1065356
1480820
1916057
1246316
1046303
1811163
1457459
1264916
1421830
1422998
1940329
1295033
1154314
1750392
1365703
1232563
1808505
1940790
1033606
1941933
1550122
1187846
1306613
1150031
1629126
1103608
1591678
1476970
1208537
1322163
1328381
1874051
1925147
1197147
1418731
1689460
1141086
1101390
1107614
1658037
1009139
1871415
1855965
1424654
1480326
1722013
1656859
1197185
1932813
1184919
1187984
1689057
1064407
1267018
1161006
1264968
1107126
1245347
1446152
1054400
1269662
1622479
1804304
1080243
1291182
1400927
1176378
1255889
1364869
1304598
1399611
1623454
1084429
1162416
1310827
1236202
1267750
1227654
1289968
1218984
1098017
1099417
1497230
1910529
1183735
1458534
1457244
1136497
1426562
1625889
1190923
1640592
1431917
1351322
1216962
1411207
1149190
1679071
1724238
1131283
1221867
1689576
1352582
1437956
1181861
1299076
1788327
1765934
1424551
1377722
1780086
1101862
1782343
1917210
1395843
1140229
1759141
1932451
1019725
1080618
1448389
1918436
1291232
1333947
1998813
1431411
1365423
1234101
1231267
1680424
1026105
1376641
1821089
1774902
1320209
1452718
1071322
1377339
1006997
1450473
1258453
1280238
1182266
1251233
1000430
1956692
1258596
1358973
1724735
1977190
1738256
1975011
1017844
1050137
1743042
1428035
1056109
1892798
1042050
1334647
1785406
1641388
1381566
1029696
1050861
1641001
1034164
1520386
1170916
1765969
1435568
1256306
1312680
1270950
1593533
1144414
1333044
1637401
1501538
1017890
1368026
1307467
1806168
1879207
1893995
1891531
1047254
1118553
1680158
1119698
1592511
1305165
1192706
1238372
1550910
1459198
1261535
1359079
1350606
1871965
1375187
1695105
1781715
1400385
1047617
1078844
1689454
1905163
1039062
1202120
1930535
1424506
1661441
1720837
1364484
1064361
1722179
1322376
1931743
1049748
1001742
1592345
1146365
1051676
1972042
1158515
1201517
1090907
1675867
1373186
1357670
1906608
1688680
1274517
1624104
1979542
1954837
1280845
1222777
1393329
1750846
1208362
1200369
1069923
1389681
1042111
1769601
1903316
1296840
1977546
1374391
1723640
1419856
1636819
1122545
1841777
1159779
1275882
1132975
1571964
1169721
1023475
1015369
1433191
1215222
1287693
1996710
1216228
1385647
1187598
1142415
1690782
1020993
1338500
1038822
1383330
1179774
1519050
1008142
1924728
1066924
1409931
1502318
1440207
1879772
1270912
1159633
1894714
1431729
1271026
1371755
1892806
1301762
1929176
1230628
1182913
1545274
1625918
1481974
1284740
1250110
1972835
1915757
1432809
1403290
1238823
1803718
1045344
1118236
1079639
1008576
1188230
1166861
1421907
1389048
1819575
1406737
1007550
1405491
1380143
1889003
1249513
1722459
1008375
1951362
1118734
1267739
1662434
1424141
1857649
1206339
1181933
1324593
1803614
1117154
1255551
1719404
1068215
1890320
1051878
1359180
1955784
1593607
1839613
1501296
1862105
1840974
1656227
1357525
1048474
1255920
1212709
1336126
1195057
1107328
1879543
1182126
1336369
1790805
1031662
1761918
1064910
1249407
1436414
1465862
1767108
1454103
1905223
1986700
1520495
1387168
1917340
1721917
1182489
1453093
1024471
1805430
1791295
1253716
1229305
1346153
1941565
1234142
1051263
1880195
1635778
1248780
1441192
1420391
1768230
1258658
1341532
1725078
1215278
1828021
1858996
1767433
1590045
1420215
1841892
1775437
1408704
1434562
1592070
1266143
1091894
1038365
1809378
1742990
1330495
1678349
1922644
1328326
1070509
1217698
1453242
1770569
1711656
1412332
1042574
1706928
1572270
1502601
1444101
1364089
1195948
1103739
1421110
1338615
1810094
1181026
1200208
1144302
1381986
1196785
1952463
1755231
1499500
1806141
1952432
1382322
1825522
1318242
1441256
1021345
1318845
1714590
1976838
1464954
1707000
1408472
1437369
1362755
1481839
1345406
1889531
1036129
1312431
1424962
1996408
1550749
1694778
1848200
1573539
1015877
1994459
1197003
1677015
1406948
1955079
1941394
1040828
1608438
1707089
1133025
1821127
1979317
1457373
1255379
1662779
1402176
1501641
1072801
1570826
1679241
1230025
1914247
1519599
1324438
1376300
1591116
1359375
1370527
1392581
1819342
1840016
1940211
1569008
1038013
1100014
1837968
1006922
1321609
1093273
1607254
1042296
1073662
1136066
1398882
1040746
1082388
1902526
1105703
1278167
1081101
1504719
1243536
1235472
1943024
1302439
1046328
1779380
1680119
1073073
1219229
1178039
1655356
1344674
1626860
1219786
1059707
1025201
1211766
1345838
1026988
1404393
1195716
1939344
1241534
1042952
1013283
1003760
1340866
1724585
1080356
1468413
1078060
1314087
1172544
1455204
1501792
1693309
1341065
1249882
1090975
1414692
1066101
1359576
1283678
1709921
1244852
1855139
1694350
1096179
1167307
1311183
1478192
1246211
1045534
1872823
1341558
1220217
1043889
1504254
1095450
1071474
1235864
1182163
1032377
1434518
1155130
1318429
1369490
1737124
1925617
1444363
1415958
1634846
1928652
1033733
1231915
1982601
1362772
1159757
1918041
1166646
1984473
1084644
1195698
1812477
1113117
1185629
1327067
1723750
1338096
1056928
1464766
1878623
1367649
1453746
1942084
1998370
1931134
1809438
1123516
1316883
1325653
1110400
1659453
1328031
1856162
1248081
1708575
1153714
1906640
1217435
1689230
1024822
1165763
1356188
1857303
1928166
1135519
1225155
1971545
1156035
1233045
1351467
1463611
1638964
1310033
1372344
1008307
1353766
1317243
1997216
1740568
1200762
1709120
1439077
1481733
1827601
1573645
1011061
1070938
1905649
1283588
1300686
1622255
1272901
1041791
1297072
1450185
1018866
1253288
1232662
1417188
1150180
1742623
1545869
1274176
1225829
1146258
1310096
1384178
1305632
1677753
1996035
1104562
1711667
1567336
1039096
1140589
1889905
1272310
1719521
1032585
1782596
1780706
1477014
1414369
1738151
1363413
1752380
1641404
1251183
1858514
1804949
1071018
1216323
1682120
1319266
1738312
1160831
1451063
1045528
1231982
1467508
1739334
1092320
1976076
1327471
1877104
1083145
1676918
1261901
1855728
1168937
1345069
1552114
1262340
1299427
1401655
1656307
1022506
1986123
1284507
1332426
1984395
1822342
1084416
1000943
1106964
1227514
1207641
1178599
1311271
1354044
1974386
1234993
1161073
1458358
1843837
1193203
1178602
1981458
1707213
1054282
1001498
1314091
1810206
1450297
1451450
1737117
1230645
1811095
1871293
1265299
1994539
1379912
1186088
1524723
1604313
1103202
1439670
1095405
1145063
1356783
1404262
1401523
1217332
1167319
1109247
1295499
1067654
1146676
1739796
1303197
1390937
1604581
1339687
1392277
1636371
1809849
1274764
1229722
1948820
1690277
1761486
1401950
1847727
1503528
1057416
1028076
1399971
1089987
1050486
1083096
1736219
1807057
1188605
1502097
1267354
1675939
1692306
1335528
1939319
1199140
1284250
1214807
1358150
1279046
1825614
1168577
1260273
1306529
1997631
1059977
1092304
1655487
1996236
1350980
1214060
1907320
1333252
1068839
1192991
1989762
1417571
1251730
1811980
1049179
1689818
1217569
1909291
1930509
1156318
1026502
1786742
1210426
1995663
1191347
1950242
1307096
1621513
1215159
1450939
1313174
1109197
1174446
1227405
1187263
1066358
1158899
1022141
1382059
1972700
1096462
1345045
1837603
1880276
1309148
1334895
1418766
1444972
1307020
1039682
1160808
1997237
1820676
1640315
1551911
1999935
1767748
1323299
1656885
1233939
1843922
1890261
1706361
1364151
1804359
1188292
1389735
1291687
1266791
1953170
1997608
1254523
1754288
1184401
1133883
1300409
1185637
1408352
1114549
1786315
1932921
1137985
1937574
1428613
1750995
1218404
1129087
1001044
1753185
1243666
1153765
1913717
1478797
1446666
1275840
1332991
1090467
1016830
1035069
1129337
1446739
1441797
1174497
1057364
1183915
1292820
1766837
1947306
1458040
1295096
1333646
1150015
1093741
1152405
1231280
1690313
1190690
1156255
1397625
1870681
1821810
1404077
1846321
1115984
1365112
1954286
1436842
1060858
1655853
1075652
1270003
1378148
1625058
1393921
1927698
1111425
1978026
1872706
1087016
1464575
1755107
1724036
1778655
1189826
1690837
1548235
1377876
1283506
1109262
1067985
1285545
1792719
1222679
1978947
1569698
1972115
1857877
1957209
1223351
1018233
1211380
1196163
1010349
1274561
1218937
1522077
1302315
1047147
1823427
1162127
1625713
1298212
1999715
1385895
1428408
1449210
1995845
1174534
1103589
1027295
1224317
1903508
1428359
1769553
1770612
1294762
1133244
1609970
1393034
1067210
1977560
1181252
1399439
1675104
1117109
1031715
1784293
1335483
1085261
1954935
1749915
1431079
1214927
1091481
val_subjects
1129825
1117882
1463450
1122094
1259913
1315678
1626056
1356994
1059430
1691833
1638557
1205811
1034466
1737030
1356072
1392030
1880889
1939698
1014015
1114287
1282432
1329890
1783391
1915250
1421085
1996584
1126135
1346058
1931322
1810273
1160218
1028939
1887735
1083268
1105680
1062071
1859695
1016309
1282361
1315129
1478520
1780894
1979463
1693241
1426089
1955319
1060667
1568479
1012277
1450087
1404039
1203342
1875993
1370872
1903211
1372859
1107095
1062018
1064513
1097909
1318891
1844308
1825546
1656729
1240452
1125631
1162735
1806170
1872111
1977630
1199373
1442647
1893373
1379316
1590120
1663384
1153684
1931383
1711105
1235821
1626652
1440182
1169237
1842540
1009415
1787094
1123121
1326935
1681721
1349176
1681383
1637134
1334452
1171585
1708659
1140682
1065816
1165655
1328446
1279289
1196688
1739651
1807677
1363335
1931456
1182796
1125413
1056840
1691989
1640382
1823246
1767789
1341277
1133226
1224077
1332444
1315032
1118930
1694931
1078112
1028899
1408535
1246185
1125499
1928700
1827992
1270302
1428951
1592417
1030538
1373541
1367345
1379473
1352209
1950585
1152836
1297797
1202594
1498418
1501135
1266875
1714476
1874356
1157237
1185808
1423445
1106045
1240476
1044766
1911672
1179450
1193506
1041568
1447121
1006829
1105011
1363018
1272980
1793286
1593852
1903856
1234862
1113715
1570595
1908077
1048397
1356979
1041965
1464193
1784060
1792515
1229709
1689993
1926774
1144010
1108382
1301303
1131353
1101214
1444446
1498691
1133539
1191362
1639491
1396284
1951601
1337427
1938186
1084746
1421555
1189097
1120971
1545089
1177494
1590329
1169378
1722290
1861197
1931442
1306198
1282178
1035341
1790240
1101737
1197159
1067081
1457687
1912640
1975642
1975054
1483525
1252844
1845485
1912849
1047076
1009408
1223099
1053930
1419091
1328483
1226702
1835220
1186779
1274237
1188650
1235144
1522389
1128997
1160773
1333412
1070597
1874935
1224259
1307764
1065243
1769638
1216780
1914005
1691643
1447570
1262366
1089727
1550952
1823370
1369021
1790762
1137382
1444989
1223207
1777830
1258402
1037948
1660846
1783400
1291258
1080014
1340788
1446798
1998120
1769333
1637295
1770650
1039907
1806527
1152933
1441386
1478398
1465435
1126300
1203782
1003644
1180719
1213560
1440724
1926102
1719166
1034881
1993220
1077372
1911185
1273213
1145498
1152514
1524978
1977597
1385356
1355586
1724017
1025887
1390131
1015665
1141831
1720779
1750349
1299368
1657527
1327717
1593754
1842693
1177951
1621602
1000838
1416668
1519122
1160987
1168433
1460940
1591032
1031853
1719290
1229520
1096521
1187878
1783257
1711541
1017728
1938494
1145195
1029065
1720946
1981765
1661017
1007610
1196084
1438530
1295705
1448064
1094617
1984052
1080342
1405049
1887852
1465896
1093008
1074210
1396963
1082669
1455653
1484056
1339550
1302081
1082676
1949927
1250712
1604604
1356982
1296135
1284779
1915380
1567160
1178220
1277232
1753370
1250743
1695097
1809360
1182535
1890656
1057149
1481673
1839752
1792899
1206869
1453908
1403793
1674752
1321565
1339108
1220347
1134005
1518996
1904273
1567773
1548147
1266423
1238501
1196029
1345052
1360049
1293272
1121013
1358965
1152971
1232954
1482893
1281060
1007724
1266011
1039814
1956328
1388597
1981910
1892851
1607874
1722941
1237479
1105656
1175376
1149805
1087546
1445942
1289543
1417735
1079528
1571523
1058618
1591817
1236438
1291724
1958110
1855457
1303098
1104267
1246087
1405563
1121025
1956812
1916650
1391852
1319303
1768885
1166340
1117300
1315872
1158473
1568638
1879687
1446750
1275050
1350448
1062191
1301068
1354893
1568060
1741473
1342061
1380680
1312992
1206201
1174008
1441165
1059492
1452334
1113065
1403755
1113620
1336208
1749402
1225708
1720575
1478173
1860682
1981463
1244754
1639884
1312858
1551507
1929849
1719772
1571594
1310666
1081989
1609459
1738350
1872098
1054158
1100212
1359510
1873081
1410486
1545571
1428009
1452554
1019450
1398098
1014896
1373642
1281054
1386698
1272546
1083851
1413198
1452448
1655708
1183658
1902757
1887607
1261627
1089077
1139192
1042285
1998254
1039237
1142832
1050195
1660897
1927650
1453036
1218330
1267295
1005178
1662049
1112582
1179379
1130890
1265966
1974343
1710533
1082182
1188082
1196181
1310865
1337672
1387588
1031027
1203960
1404987
1768023
1723524
1739546
1592522
1452759
1005574
1425835
1038404
1170610
1550751
1997786
1910347
1066698
1608284
1027413
1902960
1611129
1625742
1209307
1806315
1259692
1210361
1090944
1749495
1081698
1278650
1334909
1552127
1928645
1362459
1446346
1331248
1109039
1088063
1275903
1746230
1135997
1395925
1031954
1591654
1807737
1360662
1030695
1806412
1044841
1056991
1593242
1911414
1428890
1452938
1187736
1547572
1592084
1544700
1040151
1455218
1373949
1997666
1307145
1423410
1522808
1136698
1845349
1262774
1903384
1094222
1218447
1144508
1233118
1056580
1845207
1320406
1309909
1741133
1125191
1655189
1330225
1450977
1278288
1621542
1053333
1278358
1393211
1459371
1068942
1889813
1870834
1675912
1917405
1283394
1546105
1784787
1194802
1165950
1114075
1392342
1464161
1095379
1380415
1917477
1239081
1076484
1248063
1255276
1567393
1268899
1407287
1216985
1674951
1641645
1168717
1856118
1153407
1446401
1161519
1101249
1913860
1385731
1784200
1431859
1940726
1406741
1359411
1156046
1630924
1189819
1789777
1225563
1183386
1928902
1272796
1809467
1082761
1305173
1783747
1238218
1349322
1411941
1254732
1386545
1389201
1692013
1045833
1872602
1889465
1062346
1707797
1752030
1040274
1980268
1084994
1095315
1477604
1443091
1364267
1088697
1958253
1424486
1034362
1180540
1479257
1835021
1460312
1892438
1660314
1847372
1230067
1338152
1398039
1467557
1975595
1637383
1062169
1819620
1250572
1261733
1244735
1547963
1090103
1160991
1322583
1641392
1706952
1173655
1681176
1940880
1149158
1973919
1005616
1038290
1915205
1330518
1821658
1520201
1244778
1319649
1007001
1015692
1806660
1366465
1591774
1331482
1659690
1677292
1983230
1377957
1326399
1070649
1046489
1625026
1604911
1241833
1682492
1015938
1058659
1331875
1108379
1056135
1691795
1218968
1306046
1892425
1622667
1003429
1375944
1769745
1781301
1626687
1442051
1259231
1335167
1221648
1092680
1950093
1502078
1408132
1273979
1753430
1152252
1172794
1289404
1840759
1443222
1010157
1233222
1206089
1839255
1719984
1956126
1777216
1874884
1927288
1871318
1753449
1862584
1406961
1005039
1765475
1591824
1393689
1244201
1754460
1407742
1174460
1070215
1007067
1892456
1016743
1625573
1837748
1635364
1448945
1981840
1263668
1373083
1354646
1276298
1040754
1822092
1173316
1781313
1098709
1216660
1855304
1312881
1503972
1091146
1081737
1591933
1127923
1329914
1316290
1103932
1391213
1610825
1786184
1940617
1015942
1150818
1123320
1271245
1986275
1253528
1812738
1334445
1393159
1358139
1131838
1481345
1069242
1940921
1407276
1787768
1005300
1342416
1282183
1859160
1215693
1768057
1909203
1711752
1461863
1692349
1254147
1203298
1981361
1740844
1844780
1916008
1295640
1805010
1433798
1460520
1019203
1396499
1858742
1269205
1972883
1406094
1591498
1014972
1280312
1826806
1152985
1171931
1033095
1986603
1420898
1183783
1146207
1400819
1822532
1055814
1250517
1007099
1073954
1914064
1010418
1637270
1933239
1420630
1803448
1104106
1841202
1219152
1257575
1040339
1322821
1313885
1051603
1308159
1807576
1065049
test_subjects
1000254
1000353
1001565
1001701
1002967
1004128
1004694
1004806
1004932
1005355
1005542
1006367
1008167
1008862
1009951
1010700
1011746
1011845
1012124
1016346
1016888
1018098
1018220
1018426
1018815
1019287
1019959
1020156
1020885
1020989
1021665
1022170
1023670
1023969
1024404
1024420
1024860
1025562
1026255
1026791
1027346
1027705
1028254
1029829
1030220
1030840
1031286
1032722
1033163
1033821
1034371
1034502
1035655
1035775
1036412
1037156
1038860
1042178
1042475
1042773
1043780
1044221
1044794
1045251
1047451
1048657
1048958
1049447
1049929
1050276
1050287
1050756
1051038
1051687
1054839
1055926
1056247
1056419
1057114
1057429
1061297
1061905
1063056
1065313
1067889
1068107
1068649
1069783
1070720
1070967
1072209
1074549
1075748
1076754
1077684
1078494
1078791
1079411
1079664
1080671
1085236
1086707
1088137
1088331
1088683
1088904
1089109
1089271
1089300
1090071
1091317
1092906
1094091
1094874
1094939
1095019
1095228
1095592
1095742
1095817
1096603
1098468
1098966
1100221
1100399
1101008
1101023
1101698
1101818
1102327
1103682
1104520
1106661
1107303
1109991
1110554
1111524
1111666
1111712
1112104
1112118
1113590
1115687
1116036
1116151
1116225
1116518
1116915
1117831
1118105
1120506
1120872
1121755
1122199
1122702
1125548
1126444
1126749
1128027
1131465
1131790
1132018
1134525
1134866
1135161
1136079
1136961
1137331
1139722
1140739
1140777
1140892
1141064
1142046
1142667
1144719
1144744
1145904
1147445
1147782
1149938
1151215
1151785
1154244
1154349
1154550
1154897
1155533
1155810
1156186
1157268
1157309
1158091
1158523
1158758
1158880
1159049
1159696
1159782
1160005
1161264
1162055
1162607
1162979
1163334
1163999
1164791
1166756
1168182
1168878
1169932
1170327
1170433
1170811
1171280
1171312
1171966
1171994
1172298
1172563
1174288
1175651
1177479
1177832
1178419
1179611
1180045
1181836
1182805
1183106
1183238
1184103
1184128
1186286
1187281
1187724
1188180
1188591
1189083
1189656
1190585
1191083
1191927
1192857
1193498
1193947
1195552
1195972
1197689
1199042
1199447
1199505
1201085
1201593
1201631
1202147
1203212
1204203
1204382
1204799
1205505
1206225
1206746
1206852
1211526
1211659
1212089
1212681
1213266
1213718
1213956
1214347
1219270
1219311
1221825
1221964
1223123
1223748
1224969
1225189
1225604
1227443
1228387
1228886
1229350
1229852
1229876
1229957
1230080
1230207
1230717
1230995
1231834
1233473
1234896
1235037
1236176
1237570
1239291
1239464
1240731
1243311
1243657
1244891
1246515
1247144
1248090
1248767
1249204
1249361
1250589
1250963
1251792
1251808
1252112
1255421
1257618
1258213
1258398
1258562
1259417
1259762
1260292
1260497
1262090
1262379
1264013
1264388
1264404
1265017
1265398
1265416
1265887
1266078
1268118
1268171
1268672
1269403
1270120
1271357
1271382
1271592
1271836
1272041
1275154
1277447
1277512
1278545
1278741
1279236
1279415
1280923
1281457
1284073
1284338
1284659
1284884
1284997
1285251
1285390
1287211
1287540
1288383
1288608
1289123
1289883
1292113
1293054
1294084
1297891
1298221
1299874
1300363
1302713
1303567
1306745
1306844
1307253
1307572
1308337
1310047
1310295
1312011
1313015
1313082
1313621
1314185
1314689
1314775
1316182
1318036
1318072
1318274
1318520
1320118
1322132
1322560
1323106
1323267
1323350
1324383
1325706
1327634
1328435
1328859
1329318
1330709
1330869
1331502
1331625
1332247
1332271
1332481
1332765
1333019
1333203
1333780
1334935
1336266
1338062
1338944
1339365
1339669
1340050
1340324
1341870
1343489
1346379
1347332
1347363
1347528
1348115
1348772
1348811
1349059
1349335
1349456
1349892
1351536
1351593
1353298
1354032
1354331
1354701
1356619
1359094
1359871
1360027
1362013
1362166
1362543
1362929
1362995
1364402
1364852
1365638
1365826
1366353
1367898
1368081
1368872
1371074
1372358
1373502
1374913
1375346
1376556
1378779
1379838
1381222
1381763
1382926
1383275
1383418
1383860
1384247
1384580
1384991
1385935
1386332
1390182
1391093
1394138
1394411
1394698
1395805
1397415
1399081
1399379
1400289
1400703
1401540
1402873
1403244
1407498
1408673
1411577
1411610
1412948
1413164
1414257
1414785
1416218
1416324
1416525
1418685
1418779
1419087
1419689
1420886
1421018
1421777
1422781
1422856
1425550
1426852
1426915
1427204
1428255
1429288
1429612
1429859
1430841
1431174
1431534
1434267
1435494
1435890
1435930
1436557
1437328
1437796
1439928
1440846
1441093
1441280
1442575
1444900
1445294
1447951
1449331
1450162
1450950
1451405
1451678
1451855
1452223
1453299
1453416
1454806
1455160
1455823
1457123
1457232
1459318
1459728
1459826
1460377
1462077
1462220
1462259
1463477
1463646
1464563
1464662
1465066
1465332
1465972
1467076
1467254
1467297
1467316
1469314
1477434
1479158
1479448
1482168
1482588
1482767
1483086
1483432
1483866
1484074
1498505
1499018
1499623
1500229
1500849
1501259
1502224
1502408
1502745
1503142
1503753
1503936
1504185
1504449
1520957
1520979
1522481
1522969
1523357
1523588
1523962
1524837
1525227
1545201
1547191
1549434
1550098
1550432
1550629
1550792
1551286
1567432
1568054
1568318
1568992
1569125
1569381
1570541
1570625
1571185
1572572
1574389
1589817
1591450
1592733
1593386
1593429
1593908
1594346
1594413
1605031
1607430
1609550
1610171
1610594
1611044
1611081
1620499
1620631
1621204
1621879
1622537
1623753
1624341
1625203
1625234
1626275
1627193
1638912
1639092
1639313
1641013
1641550
1655014
1656955
1658417
1660219
1662189
1662277
1663283
1679033
1681268
1681474
1682159
1682473
1682515
1688965
1689227
1689871
1691446
1691900
1692207
1693229
1693750
1694048
1697606
1706372
1706831
1707377
1707596
1707607
1708051
1708403
1709316
1709406
1710626
1711255
1719603
1720532
1722080
1722275
1722586
1722793
1723679
1724093
1724754
1724887
1725022
1736505
1736676
1737065
1737221
1737403
1737519
1737723
1738165
1739294
1740516
1740791
1741943
1742335
1742593
1742712
1750586
1750984
1751711
1753582
1754008
1756071
1756561
1757022
1761379
1765808
1765882
1766922
1767878
1768716
1768972
1769236
1770885
1774897
1777145
1777295
1778209
1778867
1779172
1779325
1780178
1782887
1784396
1784457
1784466
1784529
1785185
1785395
1787142
1787156
1790029
1791623
1791679
1791888
1803511
1807591
1808140
1809309
1809548
1811974
1812357
1818087
1818147
1818790
1819922
1820290
1823159
1824265
1824422
1825511
1825747
1827289
1827881
1827951
1835501
1835670
1836794
1838319
1840208
1844933
1845067
1845652
1845811
1846778
1848359
1855396
1855680
1857424
1857839
1858450
1859792
1860047
1861146
1870299
1870305
1871105
1873276
1873287
1873855
1874659
1875664
1876231
1877689
1877880
1878814
1879373
1879652
1890423
1891950
1892322
1892378
1893539
1893586
1894135
1895014
1902816
1902868
1904576
1904605
1905673
1905821
1906229
1907289
1907890
1908178
1909592
1910502
1910992
1911087
1913691
1913941
1914183
1914991
1915868
1916094
1916621
1918037
1922681
1922931
1923119
1924965
1925341
1927741
1928080
1929270
1932661
1932719
1932775
1932842
1933189
1937882
1939650
1940648
1942785
1942805
1943547
1944169
1946960
1947669
1947755
1948478
1948576
1948650
1950149
1950364
1951143
1951728
1951734
1953439
1953609
1954205
1955591
1973892
1974783
1974940
1976648
1977163
1977704
1977771
1978918
1979233
1982217
1983716
1983833
1985412
1986219
1986691
1993602
1995151
1996752
1997888
