train_subjects
1140682
1724305
1120170
1337672
1956535
1030695
1752380
1137331
1069828
1175651
1071322
1431079
1221964
1020643
1155663
1411577
1826467
1057429
1846681
1002597
1827992
1397143
1113766
1303934
1873081
1010676
1325695
1444363
1427928
1009139
1923119
1656900
1182805
1291634
1032377
1367821
1360911
1404077
1323299
1314087
1477581
1134903
1301417
1372008
1153525
1977597
1998582
1418731
1209101
1468152
1237570
1180451
1233222
1312431
1780490
1252320
1437938
1931383
1345052
1368234
1400927
1189320
1212709
1044124
1177529
1951728
1136066
1150015
1248366
1996362
1097205
1501792
1158133
1143576
1941514
1224991
1861580
1229957
1289634
1753370
1420310
1779841
1338944
1387210
1187327
1042178
1084994
1909421
1459826
1934184
1875664
1610707
1111295
1498505
1273173
1022920
1088137
1379473
1001713
1155559
1297470
1370228
1843922
1058954
1722462
1313885
1131594
1122702
1977190
1068747
1356093
1316013
1074551
1405563
1950364
1115290
1278167
1117154
1295270
1950398
1723268
1089336
1456356
1383459
1676405
1719404
1346228
1107095
1392581
1621513
1681383
1451646
1848200
1360428
1879281
1236216
1380906
1101249
1192706
1109991
1791657
1479257
1625742
1750995
1624943
1740844
1322583
1308617
1393118
1739334
1391093
1678349
1211590
1272546
1549264
1038860
1027295
1637932
1787859
1078060
1995520
1913140
1874356
1112104
1767108
1028076
1281457
1046303
1012088
1986123
1321565
1770650
1955251
1044841
1366353
1742335
1183238
1190923
1550122
1436842
1055110
1187281
1281431
1189826
1246316
1250110
1105787
1605031
1000395
1080243
1215867
1626314
1341277
1390258
1909081
1338500
1023481
1724242
1692459
1223459
1362717
1871318
1007496
1788878
1841202
1131838
1931830
1069783
1569008
1444390
1088683
1204382
1856825
1552149
1661663
1261546
1403244
1090322
1973919
1388053
1239530
1342416
1074683
1841295
1272974
1481974
1125499
1404039
1223207
1325077
1215159
1478797
1310865
1778655
1948820
1138546
1192490
1606095
1030481
1116559
1803938
1067269
1106939
1176134
1593852
1035838
1284519
1241534
1134204
1182303
1972042
1116256
1412534
1656307
1084201
1749845
1362166
1026791
1860682
1094222
1425835
1142415
1708014
1117831
1029338
1077160
1203868
1406094
1778531
1909234
1133628
1400703
1765444
1570881
1777216
1711255
1948478
1127017
1254912
1781434
1184919
1303197
1047451
1388522
1229504
1168717
1292422
1692140
1244547
1151509
1269356
1873394
1288335
1571104
1382062
1437956
1156674
1641182
1446932
1591774
1058723
1289123
1154194
1332602
1857424
1942084
1113620
1268171
1165087
1870681
1779507
1095817
1891427
1195847
1095872
1784457
1185419
1390543
1066924
1929176
1522969
1250932
1454335
1750392
1432459
1268899
1232946
1043861
1271933
1098017
1520386
1570570
1827881
1280845
1621928
1022081
1003429
1031027
1076828
1926774
1406741
1837748
1810993
1823302
1190036
1876294
1358529
1708367
1316883
1226273
1439135
1477065
1594401
1326816
1258562
1591824
1738852
1025562
1336294
1193654
1131329
1426571
1954895
1592391
1119729
1499623
1229048
1160882
1344060
1976838
1424800
1142965
1080014
1314689
1141987
1389048
1014896
1293272
1917276
1429101
1953137
1420132
1755119
1230496
1200208
1162735
1229852
1871965
1906608
1783400
1893539
1374673
1756071
1295705
1940329
1749453
1028254
1384668
1520072
1453280
1418922
1351322
1277232
1436414
1909592
1823316
1978947
1392469
1357178
1185637
1168937
1414785
1082687
1502318
1780064
1240997
1097590
1061856
1408704
1947521
1242687
1320384
1102108
1182095
1272509
1256929
1344699
1155876
1013076
1136180
1622537
1891508
1006922
1983716
1551286
1344734
1381763
1980270
1295499
1720575
1069923
1199042
1924656
1996035
1188552
1248308
1344674
1753582
1607222
1520979
1159782
1376218
1209230
1285390
1203136
1544811
1591678
1749402
1483220
1002796
1015692
1013594
1454806
1181090
1174446
1691900
1302439
1361409
1146166
1083851
1431344
1142832
1315032
1525156
1343489
1316290
1065325
1038404
1679517
1096074
1148441
1266423
1349322
1362772
1440724
1211239
1140739
1879687
1429534
1404109
1872706
1655487
1020411
1089987
1167326
1346153
1981910
1859602
1332952
1354780
1008142
1283592
1003760
1145622
1462259
1328381
1312881
1363335
1270430
1095635
1090346
1019287
1311183
1340050
1250572
1590329
1073782
1353476
1200369
1234460
1996440
1027354
1976045
1248081
1125631
1709316
1070649
1779136
1283506
1021223
1457373
1371755
1048666
1210934
1082669
1311928
1876068
1393235
1034502
1253569
1265887
1999935
1194434
1873340
1298212
1549313
1389681
1484056
1641013
1340788
1255379
1746230
1165763
1376355
1738735
1274561
1903316
1104130
1210525
1675133
1807677
1395925
1144010
1394066
1036933
1168194
1095450
1840417
1157268
1502143
1695105
1377533
1450473
1401950
1118930
1199140
1427324
1482767
1042574
1222712
1840651
1101534
1225172
1452417
1015942
1622255
1188251
1116274
1146365
1661017
1308414
1917506
1589817
1480820
1662983
1879652
1693467
1678418
1217332
1822092
1197655
1417735
1389238
1347528
1893586
1347497
1237385
1267739
1034371
1267020
1126135
1350448
1305869
1424654
1420630
1997981
1904273
1156568
1101818
1606796
1222309
1768057
1009951
1378911
1455296
1567432
1441386
1131465
1981751
1055187
1171931
1996385
1930509
1168846
1768702
1399817
1067019
1785406
1392342
1284507
1942215
1375944
1908077
1275765
1116495
1039096
1273915
1369749
1781715
1006367
1452877
1237863
1302315
1145032
1569381
1364151
1104562
1441797
1383645
1522695
1621393
1862553
1481759
1317155
1675045
1059781
1825614
1568949
1234230
1769667
1031136
1011845
1056109
1738350
1880889
1257590
1055059
1168433
1979285
1783718
1682531
1024365
1804304
1859021
1046785
1234288
1016830
1463611
1930215
1228387
1144414
1379912
1706336
1328326
1037972
1927741
1433798
1811980
1840821
1423410
1545130
1819239
1008307
1192271
1724735
1914969
1004237
1544995
1205521
1845207
1931743
1193075
1009553
1070002
1187182
1332765
1451412
1258709
1997786
1101569
1887607
1360662
1711502
1982973
1548235
1323562
1218736
1807576
1183106
1229305
1306992
1433932
1393329
1858019
1414387
1217804
1194148
1162658
1065049
1778867
1751364
1100558
1187263
1136698
1074210
1353766
1977522
1998254
1292820
1073954
1395455
1116908
1082182
1161946
1230717
1840980
1095228
1777004
1291687
1123625
1984118
1295712
1660219
1390131
1916292
1333228
1450977
1368800
1870834
1157712
1094254
1924914
1139343
1932617
1005542
1623587
1721917
1055814
1370287
1954117
1845598
1374158
1318845
1638964
1503528
1303050
1956692
1916621
1242724
1765934
1951601
1785648
1147445
1544351
1418766
1775437
1083145
1160475
1107303
1111712
1847220
1824066
1786184
1042567
1217381
1932034
1690250
1691643
1957246
1855807
1457244
1057619
1736404
1893080
1364484
1841401
1088366
1999782
1135519
1524161
1407933
1162036
1706021
1266479
1916057
1259974
1656612
1905489
1284757
1691795
1007099
1439866
1453106
1280312
1365703
1132096
1100221
1372381
1366465
1081273
1466240
1453979
1353685
1711541
1549620
1875729
1406381
1523090
1826128
1978592
1330619
1411207
1315129
1498418
1857436
1982320
1098966
1655189
1319266
1441280
1016309
1111764
1479215
1790805
1846778
1228785
1428769
1997237
1171585
1330495
1062071
1984624
1429288
1246211
1345045
1429859
1042952
1929849
1444900
1410836
1207714
1822563
1623454
1905163
1028899
1136686
1662779
1550432
1724036
1232895
1769680
1416668
1812477
1790029
1477604
1191347
1875993
1140425
1064064
1449210
1173655
1010281
1690277
1904948
1497230
1679963
1807591
1879140
1266078
1681110
1917090
1223099
1809536
1680181
1139783
1820290
1635402
1640477
1393159
1467076
1466472
1463646
1999049
1133539
1125191
1280238
1165278
1070938
1138665
1176110
1465435
1070509
1234896
1387137
1504254
1503344
1397415
1932254
1870305
1714841
1937043
1210039
1567945
1751106
1279541
1590880
1877775
1824265
1156186
1821658
1080356
1255780
1315872
1354331
1050861
1655708
1911672
1021999
1250777
1131353
1788669
1026440
1957964
1186088
1030146
1268118
1997631
1250743
1208776
1227514
1894481
1223351
1158473
1191011
1274764
1381566
1656199
1481345
1572963
1199761
1342061
1987298
1406948
1477172
1116225
1231834
1218577
1360731
1675867
1790762
1504185
1002053
1117077
1160317
1259231
1147782
1591817
1312807
1892322
1352028
1174288
1755257
1937882
1100136
1141086
1806443
1090335
1524723
1978713
1306479
1306638
1258213
1893373
1313569
1023146
1264013
1720604
1043701
1972115
1405558
1219786
1721446
1162127
1836491
1003192
1284779
1049179
1435930
1089751
1211740
1890261
1056928
1549740
1225155
1183746
1035341
1341452
1624838
1254523
1191121
1765616
1971753
1957222
1821810
1986603
1903856
1550419
1154306
1270492
1270003
1422045
1013283
1760370
1002665
1974343
1291182
1265966
1976648
1121038
1805010
1244778
1325653
1358139
1499085
1219311
1240313
1694470
1501259
1218984
1178220
1261535
1939319
1067889
1277290
1333780
1406587
1144329
1928652
1217435
1903617
1235821
1336369
1107614
1098061
1757139
1354269
1877880
1031286
1593754
1737723
1402932
1352986
1820676
1459054
1374190
1331502
1046084
1156863
1151310
1740791
1892438
1548147
1054163
1058313
1160005
1954837
1329745
1862826
1720779
1077684
1434663
1811095
1431795
1504880
1001767
1858450
1356072
1929851
1334647
1439481
1113590
1891384
1379246
1365826
1020576
1330869
1364852
1571185
1010404
1016191
1184666
1663171
1067514
1609916
1190585
1180540
1134475
1439928
1193506
1410486
1168652
1323778
1085236
1824167
1118826
1094838
1215406
1033095
1637134
1152660
1199505
1551782
1721924
1915189
1186250
1714590
1054282
1943173
1158091
1174534
1154897
1132268
1151215
1390392
1231305
1036129
1750349
1386332
1692013
1860047
1407315
1316761
1447642
1806168
1784529
1396284
1322132
1503411
1523357
1916381
1014972
1892851
1661783
1504582
1443222
1326935
1465948
1621204
1146717
1691833
1265106
1068597
1660314
1195896
1902526
1422856
1289717
1243311
1915205
1241924
1166340
1809020
1408352
1406833
1096521
1038365
1406737
1395649
1059028
1347833
1044766
1277056
1169241
1806141
1452759
1498001
1706879
1082761
1065161
1753147
1316755
1037079
1985269
1333044
1877384
1361422
1339108
1434518
1393998
1093066
1344890
1928941
1078584
1212089
1429612
1123320
1251300
1188650
1168388
1375346
1996752
1238039
1079885
1570930
1375047
1067276
1375187
1465446
1347332
1293625
1126542
1350546
1782607
1213560
1070839
1130890
1994610
1755240
1415743
1907320
1105011
1311271
1625308
1031051
1269403
1549715
1739002
1152971
1682120
1237054
1780285
1609459
1754008
1084213
1166514
1076343
1248780
1591933
1058659
1589918
1892378
1903028
1237457
1241113
1186779
1373949
1089727
1134021
1943585
1817990
1639092
1626275
1640817
1550098
1845550
1639884
1180693
1994809
1171312
1821089
1210361
1159633
1346701
1196163
1172978
1803535
1941394
1232088
1572640
1484074
1013655
1917210
1196839
1393003
1982217
1457459
1929270
1118553
1918002
1711105
1400807
1329541
1812514
1296444
1719984
1289404
1343303
1784988
1069915
1257051
1053930
1441468
1101023
1073172
1481704
1325154
1350877
1284073
1050137
1065356
1952324
1013763
1314010
1500096
1230995
1457418
1430298
1089426
1144719
1259560
1627193
1932118
1286037
1099037
1568638
1975371
1201975
1303296
1359411
1154586
1365638
1117259
1042111
1926861
1903353
1206339
1573074
1269837
1932921
1128027
1170687
1231746
1284983
1245787
1500474
1503142
1156046
1130177
1224098
1367345
1117021
1906640
1949457
1037156
1393689
1522389
1434533
1106781
1105667
1131790
1022947
1230207
1658303
1167871
1218330
1256953
1303894
1737124
1424245
1861146
1001565
1994902
1677605
1609226
1550952
1042616
1872602
1363018
1465896
1389256
1708581
1103932
1102860
1250589
1282178
1372358
1328936
1401254
1689993
1499018
1233775
1456633
1943547
1837263
1625573
1206201
1420886
1591116
1804568
1081989
1054400
1783002
1405491
1183225
1519122
1045344
1390937
1422329
1026638
1246414
1106661
1099417
1875142
1121628
1249641
1008862
1568992
1180986
1197003
1939082
1835220
1594413
1430428
1051330
1421110
1274110
1096462
1924832
1023695
1048657
1054345
1068649
1198442
1112880
1568054
1322376
1445037
1152252
1108184
1444101
1420215
1675905
1155607
1711656
1482245
1608134
1056348
1261126
1825522
1418779
1839255
1206746
1364709
1983741
1071202
1523032
1002095
1278180
1984120
1223123
1478305
1016346
1000414
1679071
1287880
1520188
1380177
1521121
1346366
1372344
1835021
1706361
1011746
1168182
1655014
1809309
1362984
1313015
1225604
1657439
1719314
1271382
1280350
1677961
1856950
1432433
1812357
1841764
1500456
1827289
1329914
1310295
1943339
1722275
1181756
1207641
1275178
1214927
1367805
1205789
1940091
1784466
1404197
1770569
1046578
1846504
1641755
1256306
1312011
1101698
1382059
1152514
1818406
1523848
1262683
1550792
1681474
1288892
1940672
1352582
1907699
1922931
1070720
1424486
1332271
1026875
1412332
1545495
1111963
1041965
1259692
1908567
1081591
1465251
1132018
1045833
1957209
1993220
1100212
1084429
1025626
1050697
1638557
1942461
1000838
1594346
1227450
1688826
1113544
1042749
1403290
1356312
1108701
1321609
1873767
1251792
1019725
1721142
1742990
1021345
1138400
1013406
1268672
1877689
1281502
1275788
1524837
1338062
1299874
1414448
1457232
1221813
1090103
1161264
1324020
1073662
1195057
1061905
1301016
1550751
1266875
1034333
1689545
1057364
1955784
1277512
1217288
1138812
1706952
1138718
1019203
1482168
1021980
1873287
1662884
1441470
1235424
1909203
1024459
1135124
1294084
1893471
1769236
1737221
1637096
1518817
1400638
1396499
1407007
1205226
1297957
1331482
1917195
1498115
1625918
1609404
1908882
1878849
1331875
1255920
1248713
1101643
1926780
1328446
1792353
1660420
1983156
1453036
1203298
1265398
1139280
1244114
1620777
1838138
1741133
1426089
1316025
1053186
1453470
1335528
1481231
1857303
1203342
1005792
1463738
1192991
1930535
1550910
1218404
1636674
1062169
1187724
1305468
1203997
1827951
1994539
1229173
1420107
1894135
1551563
1320672
1995663
1272980
1386528
1741943
1393222
1271026
1394698
1375907
1446705
1269696
1239081
1760732
1271592
1791814
1038822
1822837
1320209
1903384
1293537
1059492
1736505
1249730
1339748
1707089
1780178
1112636
1062018
1996584
1622035
1064300
1027705
1170897
1411941
1049447
1174008
1045528
1000353
1350037
1979463
1267608
1784396
1180045
1098468
1414898
1662277
1590465
1803511
1878378
1322493
1192857
1778636
1056419
1368872
1070967
1388448
1300057
1453760
1015665
1141098
1908247
1451405
1233451
1407742
1676918
1293613
1752030
1328435
1334935
1950778
1980311
1336126
1551172
1679033
1399234
1189083
1641471
1808140
1956630
1319649
1724267
1426852
1149190
1082550
1955319
1455823
1195972
1457194
1768741
1940337
1442647
1928645
1420898
1362755
1194740
1545089
1522183
1391852
1425736
1238823
1790424
1889531
1909291
1033016
1974979
1808038
1040746
1711674
1983230
1043985
1241497
1946922
1361113
1874659
1844933
1050486
1762181
1467557
1078601
1360243
1177832
1317243
1978382
1467515
1265299
1015369
1422159
1927698
1362995
1259762
1276313
1504719
1593803
1711198
1351413
1160808
1824664
1393034
1567336
1382322
1389201
1913564
1858742
1840455
1231957
1026502
1176103
1323024
1392868
1247665
1354646
1944169
1257816
1710626
1240507
1358826
1345856
1269884
1379939
1077372
1862097
1252112
1421907
1338499
1000430
1012563
1405006
1927460
1038351
1230628
1951667
1133521
1167307
1058286
1454103
1189385
1398122
1423618
1453072
1856594
1162607
1343132
1175376
1592257
1693413
1306844
1862584
1637295
1464575
1755231
1405049
1035118
1026516
1453416
1006526
1329890
1835567
1368081
1805118
1089271
1571368
1570826
1994314
1126580
1821127
1224317
1567262
1480411
1368315
1127834
1663384
1477434
1423155
1181933
1376653
1345406
1483525
1876231
1479771
1310623
1074170
1415152
1341895
1845521
1339669
1352600
1034362
1061076
1477983
1042285
1392030
1481132
1303831
1265017
1201311
1322821
1054597
1503972
1128301
1738312
1720837
1103615
1639954
1073073
1951143
1522684
1414369
1499786
1109218
1111705
1267018
1428595
1573067
1097445
1550542
1743056
1403793
1706154
1275475
1803821
1806170
1742712
1257618
1034164
1059430
1765481
1153765
1166573
1399379
1818672
1022170
1976052
1201474
1251730
1314732
1126300
1208537
1178419
1743001
1022506
1318127
1116518
1384882
1441165
1089706
1363764
1872823
1093156
1752487
1913691
1188292
1407287
1180880
1784787
1437369
1925617
1927993
1117714
1889465
1362013
1206869
1029286
1286974
1843239
1997480
1076754
1622150
1547963
1105680
1385731
1115835
1018426
1425108
1035775
1808505
1622121
1433191
1839105
1523498
1102539
1031954
1307467
1425564
1639563
1205811
1282183
1907674
1656859
1055346
1419758
1915250
1204799
1177680
1171280
1214347
1571523
1231280
1156035
1936760
1094427
1350606
1354872
1133226
1465862
1354032
1932341
1403577
1193756
1082038
1092965
1158732
1254337
1235509
1166646
1221162
1032242
1820420
1690837
1288237
1782072
1040828
1068215
1324383
1152985
1638302
1158523
1326954
1592070
1932297
1158515
1101156
1857417
1064361
1148520
1280533
1840016
1283678
1448146
1130699
1750968
1976775
1130734
1840759
1931764
1334909
1114549
1219229
1767878
1903508
1707343
1033733
1319132
1350913
1188082
1039975
1210637
1725078
1236666
1871440
1338152
1480510
1187736
1825511
1941933
1121496
1181019
1053699
1956511
1231607
1354893
1946960
1405853
1056840
1821760
1940790
1359375
1547572
1056135
1768770
1234993
1821596
1757022
1331625
1682473
1431859
1088382
1040267
1092320
1709133
1020804
1840913
1635778
1893995
1888301
1742694
1080148
1957045
1266011
1862105
1225189
1374391
1974048
1190596
1924965
1459728
1194172
1390586
1378779
1310096
1120506
1057114
1191667
1911943
1656008
1640996
1222777
1740787
1049634
1875569
1352939
1192218
1195552
1981135
1844836
1522481
1008917
1276298
1986290
1877104
1194030
1372820
1677358
1008576
1663159
1655356
1838900
1818693
1165813
1997888
1431534
1009408
1008375
1982371
1787768
1304275
1258658
1724754
1006428
1862776
1109262
1248588
1226702
1723679
1182493
1823636
1109077
1162321
1845349
1570791
1880007
1011343
1973892
1768716
1912798
1291232
1465332
1300460
1178599
1929480
1295975
1319509
1695776
1062346
1874960
1465972
1373083
1146258
1180648
1069644
1977771
1460520
1079528
1272041
1122199
1982992
1784060
1166742
1223564
1783747
1975011
1149720
1078494
1307589
1219615
1737403
1153475
1169932
1337329
1428255
1873855
1911087
1611044
1140608
1805790
1186286
1953920
1569125
1332317
1411878
1037948
1253955
1110455
1014015
1003982
1389754
1940921
1638912
1710343
1460940
1379838
1032585
1055926
1185580
1330468
1682449
1640824
1209972
1296135
1518959
1244852
1926611
1103401
1381465
1693750
1255421
1792719
1625234
1917477
1070597
1105703
1811163
1809467
1396786
1809360
1348772
1841593
1888092
1376641
1448903
1953439
1301126
1416393
1724585
1056432
1154314
1753449
1791888
1823370
1765475
1682185
1266791
1193498
1088889
1077324
1272796
1999532
1629126
1182839
1072617
1018098
1112118
1096543
1574086
1308825
1937599
1092304
1279431
1399824
1641860
1245734
1357233
1462894
1005300
1153684
1791152
1551911
1090975
1178324
1061726
1607582
1266734
1017844
1433888
1057416
1020249
1439952
1845485
1285251
1079639
1246707
1082496
1029978
1097117
1044794
1770227
1062500
1609564
1422838
1207866
1433346
1294886
1217664
1045446
1720620
1205995
1637401
1939650
1371984
1387168
1350387
1235472
1636568
1836633
1156826
1591654
1095276
1121755
1399032
1101358
1692883
1172868
1159563
1500071
1157237
1754917
1498577
1682515
1138649
1040274
1031662
1806611
1333276
1195716
1272913
1604313
1126668
1811974
1139192
1412510
1002387
1262366
1011940
1054223
1018178
1208734
1592578
1026217
1098994
1204394
1365832
1740516
1724061
1806527
1803448
1706160
1191494
1412125
1176555
1123951
1981765
1182535
1302081
1030247
1058088
1142164
1880195
1007462
1017011
1889069
1004128
1010418
1260639
1221867
1743042
1009415
1978026
1916650
1305312
1750984
1917340
1066698
1620631
1262340
1041791
1719521
1637849
1739796
1926102
1145904
1977704
1389746
1709091
1046215
1663790
1739546
1593280
1523996
1285358
1857279
1089324
1931442
1448991
1299052
1147954
1209871
1450185
1129297
1242275
1088904
1159779
1753523
1239291
1398882
1949927
1421830
1160285
1838948
1364267
1298221
1037008
1767835
1040130
1050195
1523081
1768113
1805395
1103202
1207952
1525167
1243666
1757112
1257403
1981840
1282727
1059707
1428009
1087016
1395002
1298633
1593429
1894714
1033068
1129087
1117882
1202118
1162940
1209936
1129104
1270600
1909331
1113954
1028964
1320118
1391213
1139559
1955079
1724238
1608888
1088742
1877899
1091481
1545225
1331248
1222241
1791679
1359591
1351536
1457929
1658720
1571254
1877867
1406066
1142890
1100399
1951362
1624341
1235901
1196084
1153021
1274873
1843662
1025192
1978394
1226639
1318891
1460312
1378445
1007724
1749982
1692207
1870072
1046489
1939545
1152245
1570595
1385647
1147065
1856118
1056098
1979730
1841777
1305632
1180337
1085261
1141064
1093741
1620589
1722179
1343733
1143993
1194802
1287246
1958253
1877488
1246515
1143344
1288524
1757745
1064407
1318520
1724453
1977231
1011106
1609970
1812817
1907703
1656227
1378148
1142667
1306703
1567021
1546105
1902816
1153714
1035867
1040339
1371074
1640592
1284997
1204203
1376050
1181252
1002560
1108382
1260292
1328859
1218447
1892253
1180566
1807497
1749321
1241605
1050276
1695097
1739877
1214613
1254353
1214988
1231982
1768460
1027346
1007968
1545274
1501135
1312177
1753185
1103229
1457687
1335612
1339447
1438530
1422488
1520957
1706866
1216985
1094579
1401726
1876980
1049929
1009728
1135161
1224077
1017728
1152817
1018012
1111666
1019959
1693309
1023475
1411748
1179450
1410450
1196472
1304736
1061488
1656125
1009060
1145063
1352069
1224259
1214930
1641404
1133543
1680119
1625713
1435224
1428844
1016743
1055517
1160991
1737647
1304793
1074971
1393297
1140589
1067985
1110554
1291404
1806116
1978366
1299707
1947748
1028939
1808080
1826657
1692755
1113065
1407498
1982601
1981668
1402827
1708403
1877856
1765792
1359510
1827601
1720532
1217698
1242207
1590950
1998395
1228400
1430946
1706218
1013719
1721643
1088697
1609691
1435890
1824288
1306613
1210426
1398039
1094912
1781301
1407019
1405301
1232476
1083237
1133244
1303098
1063748
1168577
1292113
1094874
1446561
1069242
1151630
1065243
1271800
1503989
1080618
1890656
1621727
1268329
1137382
1065338
1570466
1781313
1823159
1272455
1270950
1165912
1104267
1545571
1545201
1932719
1131209
1265484
1057339
1395132
1783391
1333019
1426915
1706751
1770015
1910502
1871293
1176712
1146676
1518996
1977461
1133854
1986505
1307764
1769333
1063846
1976028
1462629
1995982
1401661
1910992
1322560
1428396
1164482
1791311
1353757
1216477
1656180
1739651
1981361
1419406
1201593
1291496
1893485
1107522
1176378
1181611
1262774
1179622
1997666
1050287
1135014
1305994
1218937
1150180
1679202
1975642
1303012
1928809
1029829
1017930
1855728
1567882
1289897
1571594
1106353
1071096
1087546
1765419
1483432
1300180
1187846
1010157
1184103
1955591
1142516
1258402
1552114
1261692
1458534
1783720
1996396
1292605
1271947
1821225
1067287
1070455
1004932
1736232
1707495
1880357
1445864
1356982
1463184
1274517
1998813
1063349
1840901
1143332
1061449
1280923
1692306
1707797
1344320
1770820
1433739
1891998
1078112
1039062
1314246
1101862
1464766
1544700
1997295
1237613
1348811
1003632
1392277
1222679
1134039
1183470
1391915
1091730
1416525
1089109
1414509
1624899
1122138
1208362
1195698
1449090
1785185
1242984
1842353
1349892
1976316
1571384
1150435
1956812
1236615
1359871
1502078
1954563
1503936
1430239
1548045
1187603
1035655
1002455
1350821
1227904
1419246
1201004
1365112
1497319
1325765
1196029
1422939
1194298
1105255
1754460
1389504
1051878
1091773
1220217
1607707
1036421
1819620
1318242
1018525
1214261
1074549
1736610
1336956
1706695
1399611
1482439
1877337
1822532
1620499
1017078
1873276
1366732
1593518
1023670
1950149
1347307
1122094
1213898
1769440
1932842
1806090
1571661
1072801
1338311
1861808
1662487
1002967
1110692
1001044
1447745
1278358
1911278
1151455
1376542
1161006
1254147
1985203
1724114
1152609
1778120
1239464
1523920
1550629
1657450
1029696
1065816
1297797
1658387
1627049
1460754
1285605
1625889
1423671
1256835
1250963
1427204
1370032
1159049
1857509
1640252
1638406
1502745
1593533
1724017
1156333
1656363
1428613
1249882
1594284
1147526
1158758
1134109
1017457
1818087
1937815
1380667
1165939
1635055
1918041
1309696
1094939
1912849
1335023
1824332
1892798
1450950
1893447
1857535
1279371
1095323
1783796
1051835
1620548
1153641
1975224
1926701
1608270
1238765
1238197
1660970
1170351
1348687
1335066
1356783
1697606
1611129
1356201
1154902
1401246
1835670
1123674
1253784
1929608
1401540
1972001
1609628
1132270
1480079
1465534
1123516
1086707
1362459
1625058
1302713
1459198
1268801
1106964
1785395
1021560
1462262
1139585
1043780
1241460
1444795
1859432
1952831
1356979
1739821
1198657
1497174
1154550
1233045
1216962
1917394
1930029
1807961
1118236
1145195
1707213
1018220
1258398
1157309
1567393
1948833
1989938
1252293
1118396
1245359
1357220
1230067
1453908
1791295
1621879
1722392
1640382
1855680
1089077
1253716
1201096
1260082
1061297
1182126
1318072
1499500
1251903
1095019
1317469
1174737
1159298
1384580
1928929
1996236
1138436
1916094
1310033
1910431
1625203
1395843
1448064
1948587
1339365
1455218
1293054
1016071
1996844
1975595
1374843
1386784
1063232
1006829
1224969
1452938
1116915
1155495
1253307
1770612
1169110
1000880
1247068
1234702
1347375
1310827
1459318
1332501
1038179
1406174
1289883
1940880
1149938
1378469
1810273
1567160
1233118
1075327
1626652
1839752
1342256
1940726
1327577
1327724
1693499
1025966
1770885
1870299
1428408
1822590
1784625
1858514
1635364
1047076
1441256
1283245
1349944
1252703
1284659
1520571
1931456
1545429
1332259
1062191
1306431
1872444
1626687
1307253
1156318
1221719
1918037
1088063
1464954
1103608
1066847
1415958
1855396
1309148
1431729
1172298
1622667
1950518
1705679
1428890
1201631
1447875
1126039
1241698
1675557
1060529
1845811
1936797
1229343
1480156
1217569
1140892
1255184
1187598
1411610
1365097
1460377
1841229
1210050
1347015
1071750
1912346
1076468
1160831
1761486
1196785
1144921
1677292
1606560
1268880
1213974
1211766
1820687
1162055
1592417
1060371
1201085
1249407
1504076
1955795
1054266
1218789
1427160
1091146
1399063
1943024
1349335
1131661
1154349
1434504
1220347
1083480
1447601
1742981
1811037
1059222
1264388
1440182
1725022
1128895
1126086
1333904
1041371
1902960
1323106
1359094
1181836
1023389
1820700
1251808
1621934
1501296
1089300
1444972
1044526
1891950
1709406
1307572
1347156
1087436
1549434
1690782
1109197
1362929
1160987
1161519
1907890
1275840
1328483
1135325
1126792
1974869
1388002
1414720
1413914
1876240
1199550
1458358
1323891
1135997
1465066
1931425
1194633
1309909
1166756
1443091
1446152
1913860
1933189
1927031
1114412
1958456
1857877
1059977
1689454
1241569
1216660
1329595
1681229
1137678
1284250
1940775
1270120
1419856
1093273
1203782
1656955
1149805
1873090
1888051
1186526
1784200
1184311
1891856
1058618
1950242
1246185
1301068
1749760
1320427
1025201
1519599
1275050
1941947
1931335
1789309
1502674
1287693
1453242
1662434
1106707
1122545
1148416
1199373
1134525
1722586
1840974
1050756
1769601
1067291
1658037
1295033
1283116
1211983
1836794
1206852
1418469
1380143
1068839
1202120
1195612
1902491
1169499
1249513
1133634
1706372
1255276
1143650
1184401
1839613
1769745
1295640
1007433
1232633
1126749
1312046
1111926
1324438
1765808
1334476
1436557
1811606
1232445
1400289
1356803
1169721
1024404
1365423
1017890
1751533
1160218
1318055
1792341
1234862
1860814
1179817
1785763
1090071
1245875
1891414
1047091
1373200
1027020
1335483
1396963
1440846
1237728
1407276
1215693
1219270
1889449
1694048
1359833
1075281
1040213
1789990
1942877
1880276
1932775
1453746
1480326
1153749
1981458
1641001
1437158
1344035
1084484
1196688
1895014
1100708
1895088
1288268
1136961
1389735
1608438
1791958
1388839
1118734
1928628
1215278
1358667
1042050
1291258
1230418
1846061
1297891
1606692
1142638
1169425
1169798
1207372
1039018
1996408
1879772
1242219
1367649
1270943
1393921
1012277
1089599
1085863
1291447
1390182
1568318
1336266
1357910
1296296
1942785
1819027
1142046
1213956
1400150
1941331
1281537
1369317
1386545
1306198
1049351
1219152
1185629
1298117
1278545
1038290
1156255
1892456
1143326
1789777
1421467
1197104
1657527
1108464
1435362
1281054
1549239
1233473
1104520
1177371
1253288
1299222
1446666
1674951
1355433
1914991
1144278
1502224
1172544
1109160
1175400
1978379
1450998
1040754
1766452
1111145
1640323
1911414
1392092
1061246
1925052
1995966
1361292
1804890
1741842
1084416
1278288
1247126
1421425
1323350
1166102
1723806
1318036
1444528
1722166
1123769
1170327
1892944
1157354
1722080
1974783
1332444
1753430
1711667
1878500
1752532
1323520
1262170
1187984
1446346
1431174
1931059
1641388
1016963
1720250
1722793
1824422
1922644
1063056
1120971
1810040
1822342
1825747
1636819
1569698
1875411
1937426
1234101
1444924
1569040
1675196
1931322
1156728
1389852
1335125
1041568
1680334
1431917
1422781
1283588
1629163
1003114
1038013
1690659
1768358
1759141
1208541
1339550
1932661
1183979
1229350
1889867
1167142
1592733
1855139
1261733
1592877
1521791
1082897
1417188
1154207
1874884
1432809
1460663
1981475
1523774
1169237
1083682
1341239
1365105
1088565
1818790
1424947
1738151
1175068
1720946
1692349
1724887
1342127
1952432
1213387
1372249
1889185
1238952
1768446
1081737
1045972
1090467
1807729
1519602
1622776
1385342
1547191
1737030
1779172
1775484
1844129
1014101
1096179
1044909
1679932
1444375
1402176
1123466
1097049
1435568
1928902
1912020
1078844
1199968
1247509
1229722
1888298
1677015
1141831
1519271
1346836
1125413
1283129
1837968
1280437
1976986
1116151
1293164
1272901
1623066
1013986
1170755
1117788
1467254
1930812
1314842
1248889
1423452
1780086
1191927
1080671
1790925
1607254
1432194
1163489
1172794
1160857
1273416
1313079
1640058
1552127
1398098
1956400
1786742
1022184
1345384
1248063
1525227
1812697
1318149
1226900
1641392
1401655
1893577
1091361
1844654
1001701
1402873
1674752
1097909
1551507
1095738
1622457
1272208
1871105
1497422
1110400
1483086
1929981
1907680
1322387
1626330
1995845
1593437
1320329
1358973
1768871
1787664
1737618
1392367
1840208
1808883
1887274
1225829
1229055
1879929
1766161
1977163
1380022
1024420
1502408
1369021
1985817
1662189
1811119
1609676
1000867
1724533
1034973
1791500
1954239
1828086
1436003
1285015
1611081
1954205
1333203
1441093
1805899
1431411
1421806
1339687
1104106
1523394
1121226
1682492
1003559
1980682
1750846
1655853
1000672
1352087
1567706
1368026
1806315
1722013
1626056
1754206
1637020
1019565
1941168
1259417
1247144
1220431
1837131
1161212
1277433
1010700
1661518
1808290
1591450
1309922
1173316
1450939
1340857
1942231
1047034
1337880
1915193
1319560
1273979
1251183
1179774
1330709
1229709
1437886
1285545
1267004
1905673
1998370
1401744
1170610
1340866
1301762
1380046
1774902
1286692
1245347
1982457
1928166
1021472
1358150
1742047
1310608
1128243
1324187
1381986
1610034
1427910
1216780
1224823
1818939
1360027
1785672
1205330
1202147
1722669
1258596
1591836
1818531
1006997
1202594
1501641
1448050
1941565
1675964
1414511
1453093
1608020
1025869
1355207
1134580
1032061
1003797
1318619
1267442
1062438
1101375
1790053
1547169
1182266
1932813
1591032
1208553
1346058
1241833
1199447
1026255
1287557
1189408
1172633
1691989
1804359
1972388
1211526
1433474
1283394
1416324
1335716
1807057
1462220
1416218
1681467
1593908
1385356
1012124
1928080
1419648
1006338
1295990
1213913
1452554
1399168
1742499
1168941
1681524
1926573
1477014
1636362
1027865
1181026
1659690
1903912
1101214
1090413
1160773
1705561
1660846
1393211
1101390
1385895
1918436
1924728
1414974
1073434
1254655
1915757
1947485
1167319
1195804
1767789
1692099
1370331
1709508
1227234
1929926
1007001
1903813
1310666
1825119
1434267
1350999
1350980
1208217
1845652
1520887
1334445
1548672
1879539
1428359
1753368
1706928
1009097
1177479
1905821
1821242
1042490
1424551
1319303
1071085
1630924
1247002
1419977
1688930
1155165
1103589
1039814
1787503
1282513
1176608
1385476
1018815
1339724
1855965
1431113
1695863
1278292
1034710
1233406
1719290
1974201
1088817
1755215
1655367
1307096
1425327
1093008
1274085
1108044
1118858
1318429
1820042
1244518
1421555
1154166
1032722
1941063
1367898
1208396
1526733
1456374
1414400
1153407
1064513
1706831
1076931
1264916
1479282
1023815
1087974
1739223
1044870
1333654
1075652
1019379
1419052
1916249
1045214
1152405
1438063
1366368
1778069
1941889
1259068
1804949
1287211
1411521
1046328
1848359
1090907
1114102
1942839
1300698
1126602
1426562
1719603
1549342
1203960
1148017
1448945
1707607
1845067
1694072
1041217
1170916
1724093
1568479
1359156
1428951
1130224
1379316
1889813
1678755
1663283
1435494
1278040
1022141
1261627
1708659
1091894
1840240
1179611
1290646
1940211
1572413
1522077
1209265
1430286
1719166
1996710
1269685
1171966
1267830
1299427
1226795
1030220
1875896
1483866
1677435
1995994
1272967
1874935
1193203
1328031
1322785
1147313
1304724
1042773
1371123
1096603
1158905
1808330
1364402
1024462
1332991
1446814
1197905
1778557
1550749
1071018
1285729
1200901
1498404
1691446
1929062
1948534
1422998
1193947
1675104
1749495
1269853
1756682
1984370
1957406
1109538
1324593
1183783
1368713
1766837
1400529
1123121
1304351
1939510
1301303
1113117
1497847
1870760
1039682
1709087
1904605
1820953
1045534
1083975
1452688
1413198
1903147
1227477
1147264
1903211
1368443
1373642
1414257
1421777
1169311
1932147
1374583
1737519
1349873
1679253
1917678
1827728
1750586
1477633
1441402
1387276
1547873
1414070
1237479
1238501
1656885
1206089
1417571
1203212
1385935
1369727
1369490
1835501
1608284
1003470
1803718
1922681
1042296
1031853
1861197
1238218
1279046
1067654
1039907
1788603
1807411
1263317
1170811
1243536
1111425
1446750
1439670
1273810
1675912
1280940
1662049
1761918
1456243
1903781
1305149
1478173
1182163
1821518
1432941
1408673
val_subjects
1808793
1075306
1201401
1413745
1694778
1977560
1019635
1414692
1639313
1862875
1197159
1200762
1135445
1128532
1387588
1127923
1519183
1504449
1957801
1571341
1244735
1591075
1144185
1272068
1283933
1944191
1033163
1312992
1357525
1437771
1238372
1750418
1929623
1451855
1589767
1720895
1123728
1275903
1871415
1984395
1624744
1414294
1314185
1334870
1790070
1312680
1452334
1524978
1036412
1121025
1217167
1409242
1464563
1292528
1007459
1455653
1689871
1452223
1174460
1353618
1252680
1837603
1374913
1384178
1282432
1812269
1342711
1027413
1951035
1304074
1395805
1450162
1710533
1457123
1523962
1879543
1178146
1314801
1905649
1140777
1607430
1080715
1269205
1635518
1525174
1236919
1043889
1781410
1126444
1446739
1091317
1406411
1636371
1178271
1308159
1848272
1980268
1949415
1254758
1806893
1115687
1414771
1878623
1429454
1479158
1349456
1353049
1231468
1977546
1707596
1275154
1983833
1927288
1163999
1027712
1498691
1546396
1947669
1216861
1229533
1119698
1105198
1165950
1101008
1738165
1777830
1927650
1482893
1352260
1000246
1454572
1377876
1294762
1083268
1191362
1060083
1782343
1130642
1051603
1310187
1325706
1167503
1306745
1812738
1925159
1159757
1404987
1792899
1455160
1034289
1347363
1154244
1387551
1239276
1418685
1156022
1170182
1481369
1447570
1170365
1400385
1376475
1844780
1424996
1318274
1347917
1860128
1260273
1438153
1461863
1626860
1130516
1051038
1606597
1171834
1027134
1056882
1708051
1018857
1019153
1609179
1111524
1844308
1434908
1904576
1172563
1722459
1457878
1638856
1296823
1375309
1787156
1626418
1501389
1306529
1213266
1913717
1444989
1547666
1545722
1480639
1084746
1606369
1121485
1148504
1013732
1095742
1072209
1129557
1412497
1332005
1336208
1130752
1911010
1051067
1877010
1234142
1250712
1023969
1927082
1185262
1313621
1940045
1129337
1940196
1987027
1042831
1288851
1393775
1623729
1030840
1216137
1878814
1020885
1079664
1146207
1050985
1265778
1182489
1915978
1422147
1856763
1285273
1375500
1015821
1228068
1294400
1399439
1610162
1130022
1400734
1722471
1499229
1955358
1279396
1266516
1782596
1338096
1948576
1723524
1902757
1929145
1940648
1459143
1994471
1069803
1451450
1084644
1424141
1787094
1360205
1075748
1048397
1366689
1335847
1951734
1476970
1447680
1838319
1018247
1659957
1404831
1332976
1978918
1264968
1462077
1593607
1057559
1498067
1769553
1253528
1230652
1451836
1295096
1345034
1358965
1266143
1949347
1952463
1236176
1328249
1469314
1320594
1168878
1889905
1275882
1275247
1277447
1155810
1625996
1049108
1998120
1766708
1463450
1411219
1680158
1855304
1927142
1834990
1136833
1196282
1690313
1604581
1230025
1284884
1005178
1064952
1478192
1463477
1625592
1317841
1959074
1569936
1005039
1940617
1767748
1130198
1808755
1340324
1755107
1847372
1067817
1160419
1927948
1400320
1956328
1837108
1297072
1426585
1191304
1567773
1520201
1216323
1233594
1382926
1002942
1152933
1315678
1906383
1986691
1268689
1056574
1073911
1738256
1862568
1499593
1572572
1201500
1081698
1050683
1448976
1299661
1860499
1105121
1522808
1171114
1974940
1029301
1083096
1139940
1033606
1954286
1314091
1048474
1120331
1282361
1298922
1893984
1753283
1917405
1007067
1855457
1116036
1332481
1870571
1269662
1183735
1331105
1388597
1719628
1421085
1762886
1874051
1067210
1289543
1805430
1351311
1986700
1887852
1810503
1005574
1974024
1677288
1182913
1218263
1408472
1819342
1404262
1079510
1825126
1915782
1950711
1364114
1163334
1082388
1149158
1047254
1235037
1271918
1286785
1211659
1810344
1322107
1231915
1404695
1708575
1115984
1977925
1124144
1826888
1255551
1503534
1384991
1979317
1021665
1221648
1503716
1187860
1520495
1590010
1055216
1847815
1338110
1066358
1026988
1428035
1179137
1393353
1721989
1019527
1916411
1009613
1098711
1162416
1819911
1621542
1972883
1842451
1132456
1406961
1380680
1205505
1432263
1362543
1155130
1975054
1252844
1090187
1762310
1610594
1842600
1086395
1201517
1158880
1766189
1012507
1925341
1174497
1421096
1212681
1925147
1005355
1034466
1981183
1820995
1183915
1033771
1105656
1891790
1182886
1385239
1318828
1504003
1035069
1270302
1947755
1780109
1092906
1274176
1568371
1756442
1376556
1591800
1240476
1294266
1439077
1573941
1133883
1973474
1331553
1257575
1320406
1121351
1481673
1273441
1840387
1289822
1195948
1197185
1065313
1254579
1375378
1377339
1947306
1134866
1351593
1354920
1365054
1818825
1916008
1149535
1593386
1150031
1333947
1826059
1288047
1235144
1293914
1254341
1229520
1016033
1821644
1118121
1737117
1191083
1343597
1265416
1344423
1260497
1300643
1035579
1114075
1383275
1820349
1906500
1741278
1414208
1755511
1377722
1661267
1847727
1364619
1233104
1927249
1152565
1408132
1931705
1072104
1689818
1623753
1573645
1609550
1836380
1424506
1590045
1464161
1740568
1027548
1112582
1950093
1151240
1148797
1152836
1722290
1351467
1122435
1085826
1810716
1178602
1714476
1333075
1479448
1767351
1276633
1925939
1067081
1939698
1300545
1275160
1001742
1125548
1426048
1306046
1001498
1137195
1341558
1221406
1502097
1756536
1299297
1422222
1136497
1103739
1347972
1349176
1451678
1330225
1102327
1240731
1434658
1890320
1394955
1026826
1345838
1440207
1195180
1446401
1780894
1637059
1106341
1243270
1604911
1809499
1621602
1129825
1009927
1012410
1519262
1010349
1368780
1161338
1321742
1857839
1344613
1810094
1431435
1777268
1943453
1821048
1401523
1808388
1293667
1694350
1024822
1742623
1234156
1070029
1637383
1164457
1416695
1872773
1625026
1892425
1324640
1452448
1025887
1233939
1147250
1002554
1902868
1231165
1305173
1641550
1658376
1356994
1777059
1950735
1287648
1625184
1071474
1918119
1409931
1420843
1855752
1404393
1164060
1677936
1769638
1065374
1056991
1482588
1417760
1809378
1251233
1739294
1155024
1521457
1327717
1952599
1819575
1639491
1132975
1223306
1478364
1789480
1083827
1248090
1519050
1270912
1218968
1999563
1858996
1183386
1837281
1549868
1842540
1607874
1299076
1449331
1189347
1129986
1913941
1932451
1026105
1681268
1173337
1227443
1004694
1821267
1723640
1948454
1333646
1303602
1258453
1306568
1215222
1020989
1826806
1809548
1057735
1923175
1384098
1709921
1224043
1367771
1572270
1690983
1066101
1109039
1636914
1027743
1166195
1464662
1291724
1942805
1327080
1981463
1300363
1396640
1252832
1323036
1376300
1953421
1568060
1977630
1272310
1074252
1260390
1087240
1892806
1025312
1006065
1675278
1636105
1156121
1354184
1386698
1443790
1679241
1341532
1999715
1225563
1271357
1480454
1167741
1001756
1310047
1309049
1689576
1034881
1592511
1271836
1230645
1693241
1275463
1997216
1697461
1096067
1770206
1818912
1016851
1358541
1680424
1075676
1267750
1914005
1261578
1659453
1398840
1708117
1100014
1194829
1524342
1057149
1978116
1299368
1330518
1953551
1694931
1442841
1120872
1399971
1371115
1137366
1031870
1914183
1412948
1871930
1689227
1109247
1428054
1974017
1187755
1042475
1188591
1940758
1064538
1500849
1227654
1402944
1161073
1373502
1103682
1199074
1466913
1983435
1925508
1313082
1416945
1397745
1359079
1809849
1524239
1749915
1689664
1468397
1437796
1354701
1280778
1144302
1302824
1501538
1369039
1467297
1423445
1708100
1149240
1095379
1765879
1755053
1444446
1811688
1304598
1095405
1175850
1911185
1063140
1138597
1133025
1181081
test_subjects
1000254
1000943
1001889
1002546
1002785
1003644
1003957
1004806
1005109
1005616
1007550
1007610
1008057
1008125
1008167
1010001
1010099
1011000
1011061
1015877
1015938
1016786
1016888
1017408
1017769
1018233
1018324
1018866
1019450
1019611
1020101
1020156
1020768
1020993
1022287
1022588
1022654
1023393
1024471
1024860
1025225
1029065
1029356
1030538
1031476
1031715
1033821
1034121
1037094
1038038
1038140
1039237
1040151
1044221
1044997
1045251
1047118
1047147
1047211
1047617
1047689
1047726
1048958
1049748
1049937
1051263
1051676
1051687
1052023
1053333
1053415
1054158
1054839
1055888
1056247
1056580
1059867
1059986
1060667
1060858
1061624
1063586
1064910
1067315
1068107
1068257
1068942
1070215
1070493
1070511
1071926
1072337
1074063
1075080
1075634
1076484
1078791
1079411
1080342
1080696
1080978
1081101
1082025
1082676
1082793
1084267
1084571
1085217
1087294
1087898
1088331
1088412
1090944
1091637
1092680
1093795
1094091
1094617
1094977
1095315
1095592
1097782
1098709
1101677
1101737
1102941
1103467
1104165
1104979
1105776
1106045
1106449
1107126
1107328
1108170
1108379
1109233
1110522
1113410
1113428
1113715
1113779
1114287
1117109
1117300
1118105
1119288
1121013
1122587
1123359
1124163
1128997
1130457
1130703
1131283
1132216
1132346
1134005
1134183
1134538
1135092
1135620
1136079
1137421
1137799
1137985
1138821
1138980
1139722
1140229
1143319
1143820
1143859
1144508
1144744
1145421
1145498
1145678
1147239
1147403
1147581
1148571
1150818
1151785
1151821
1151898
1152464
1152800
1153894
1155305
1155416
1155533
1157229
1157253
1158648
1158899
1159618
1159696
1160426
1161434
1162441
1162619
1162979
1163771
1164791
1165655
1165921
1165964
1166252
1166308
1166780
1166861
1169378
1170433
1171979
1171994
1173196
1173427
1175630
1177494
1177951
1178039
1178629
1178751
1179379
1180147
1180719
1181861
1182158
1182796
1183437
1183658
1184128
1184517
1184657
1185197
1185808
1186434
1187645
1187878
1188180
1188230
1188605
1189097
1189656
1189819
1190690
1194100
1194193
1194766
1194794
1196181
1197147
1197449
1197689
1198062
1203100
1205586
1205968
1206225
1206783
1207481
1207751
1209307
1211380
1211946
1213352
1213718
1214060
1214807
1216228
1221689
1221825
1222354
1223404
1223748
1225708
1226156
1226375
1227075
1227405
1228886
1229072
1229559
1229876
1230080
1230937
1231267
1232239
1232563
1232662
1232954
1233661
1234206
1235864
1236202
1236438
1236499
1236682
1236963
1238135
1238490
1240452
1243657
1244201
1244364
1244754
1244891
1246087
1247898
1248486
1248767
1249204
1249361
1250517
1251122
1254732
1255889
1256182
1259119
1259578
1259913
1261901
1262090
1262379
1263668
1264404
1264822
1265024
1265453
1267295
1267354
1271075
1271245
1272369
1273213
1273312
1273520
1274237
1276696
1277496
1278650
1278741
1279236
1279255
1279289
1279415
1281060
1283450
1283486
1284092
1284338
1284740
1285818
1285989
1287540
1287594
1288383
1288608
1289968
1294821
1295134
1296197
1296808
1296840
1297626
1298380
1299159
1299977
1300409
1300686
1303039
1303567
1303629
1305061
1305165
1307020
1307145
1308337
1311952
1312318
1312408
1312858
1313174
1313227
1314278
1314775
1314813
1314838
1315090
1315170
1316182
1318982
1320790
1321308
1322163
1323267
1324608
1326399
1327067
1327471
1327634
1327809
1329236
1329318
1332247
1332426
1333252
1333412
1333889
1334452
1334895
1335167
1335587
1337427
1338615
1340012
1341065
1341696
1341870
1343630
1343759
1343980
1345069
1346379
1348115
1348652
1349059
1350352
1350493
1352209
1353298
1353301
1354026
1354044
1354168
1355586
1355724
1355916
1356106
1356188
1356619
1357670
1359180
1359576
1360049
1360476
1363383
1363413
1363517
1363990
1364089
1364869
1369259
1370527
1370872
1372650
1372859
1373186
1373541
1374597
1374864
1374877
1377957
1378410
1378829
1380318
1380415
1381222
1381337
1381842
1382018
1383330
1383418
1383860
1384135
1384247
1387861
1388352
1390314
1391000
1391267
1393899
1394138
1394411
1394552
1394896
1397625
1397992
1398262
1398792
1399081
1400333
1400745
1400819
1400890
1401087
1401825
1402865
1403194
1403755
1406390
1406409
1408535
1409280
1409562
1411970
1413164
1413236
1415963
1419087
1419091
1419689
1420391
1420535
1420901
1421018
1421071
1423189
1424137
1424357
1424565
1424962
1425232
1425275
1425550
1426093
1429174
1430841
1431862
1431885
1432953
1434562
1435347
1437328
1438141
1441192
1442051
1442338
1442575
1443159
1444180
1445294
1445942
1446798
1447121
1447236
1447951
1448389
1450087
1450297
1450414
1450856
1451063
1451357
1451464
1452455
1452472
1452718
1452898
1453201
1453299
1455204
1455419
1455808
1455831
1456100
1458040
1458174
1458702
1459371
1459745
1460061
1460238
1461078
1461408
1461502
1462050
1464193
1466956
1467316
1467508
1468413
1478398
1478429
1478520
1478940
1480460
1481733
1481839
1482498
1483271
1500229
1501122
1502601
1503753
1519300
1520520
1521097
1522348
1523044
1523058
1523588
1524313
1524715
1525214
1525483
1545869
1547018
1548159
1548196
1550815
1568143
1568248
1570541
1570625
1571449
1571964
1571986
1573539
1573700
1574389
1590120
1590825
1591170
1591498
1592084
1592303
1592345
1592522
1592651
1593000
1593242
1593312
1593619
1604604
1606231
1609902
1610171
1610636
1610825
1622224
1622479
1622826
1624104
1626433
1634846
1636502
1637270
1640308
1640315
1641645
1655671
1655766
1656729
1658334
1658417
1659036
1660897
1661441
1661746
1663034
1674863
1675790
1675939
1677753
1679309
1681176
1681721
1682159
1688680
1688965
1689057
1689230
1689460
1690740
1692281
1693229
1694114
1694441
1694619
1694722
1694845
1695423
1696034
1705615
1706355
1706857
1707000
1707377
1709120
1711752
1719772
1720124
1722420
1722941
1723750
1736219
1736676
1737065
1740584
1741162
1741473
1741672
1742593
1749632
1751343
1751711
1752723
1754288
1754478
1755673
1756110
1756561
1761379
1764694
1765538
1765882
1765969
1766731
1766802
1766922
1767433
1768023
1768156
1768230
1768885
1768972
1769255
1774897
1777145
1777295
1777721
1778209
1779325
1779380
1779434
1780706
1782520
1782887
1783257
1783489
1784293
1786203
1786210
1786315
1787142
1787917
1788327
1790240
1790597
1791623
1792515
1793014
1793286
1803614
1804046
1806412
1806660
1807737
1808001
1809438
1809480
1810206
1818147
1818368
1818636
1819922
1820717
1821994
1822006
1822338
1822380
1822403
1822469
1823246
1823427
1825546
1828021
1835574
1838023
1838206
1839553
1841623
1841892
1842693
1843434
1843837
1846192
1846321
1847259
1856162
1856283
1857649
1858044
1859160
1859695
1859792
1860253
1862177
1870632
1872098
1872111
1874434
1877874
1879207
1879373
1879603
1880527
1887735
1888544
1889003
1890423
1891254
1891531
1894490
1904833
1905223
1906229
1906990
1907289
1908178
1909498
1910347
1910529
1911880
1912640
1914064
1914247
1915380
1915618
1915868
1928700
1931134
1932693
1932781
1933239
1937324
1937574
1937727
1938186
1938494
1939344
1941654
1948650
1949625
1950151
1950585
1951105
1952005
1953170
1953609
1954935
1956126
1956704
1958110
1958806
1971545
1972700
1972835
1973694
1974386
1974470
1974658
1974797
1976076
1977257
1979122
1979233
1979407
1979542
1979952
1982494
1984052
1984473
1984986
1985412
1985824
1986219
1986275
1989762
1993602
1994459
1995151
1995711
1996143
1997004
1997268
1997548
1997608
1998341
