train_subjects
1254655
1375944
1312807
1839752
1275247
1356201
1783257
1339687
1790240
1013763
1182158
1387276
1008142
1835574
1266875
1453072
1247509
1285605
1365112
1547169
1138821
1825119
1371755
1639491
1016888
1236666
1132216
1465534
1050683
1018866
1147250
1724061
1327080
1675905
1213956
1593437
1074252
1722941
1031870
1132346
1752380
1893447
1753185
1065049
1229559
1984370
1996035
1029829
1622035
1253288
1640382
1147239
1343980
1840821
1158758
1383330
1499786
1503142
1592417
1737065
1071474
1091894
1304598
1607222
1782343
1346836
1424486
1232662
1949927
1402176
1025966
1088382
1363990
1877856
1791311
1677358
1451412
1998341
1077372
1439952
1044841
1641182
1077160
1783718
1955251
1160419
1301303
1300643
1308337
1231468
1304074
1142667
1019725
1981668
1792341
1034710
1332426
1219270
1606692
1338096
1448050
1065374
1384580
1450998
1752723
1002665
1982494
1087240
1015938
1236438
1477172
1423452
1289123
1058618
1042475
1590825
1234288
1638557
1357525
1443222
1375309
1459143
1682120
1331502
1181090
1363335
1895088
1217381
1160475
1206225
1385342
1658376
1655367
1907703
1591450
1981458
1267354
1094939
1640058
1283933
1902757
1956535
1662189
1451450
1370287
1416393
1392342
1433739
1708575
1056135
1004128
1767789
1255184
1497422
1937599
1157253
1083096
1447951
1593908
1142164
1824332
1444446
1314801
1000414
1022141
1806527
1049108
1637020
1826888
1679517
1659957
1083237
1781301
1446814
1306479
1151821
1466472
1777216
1287693
1498404
1152252
1549239
1695423
1349944
1262366
1175630
1914183
1677753
1274873
1168433
1482498
1359576
1116559
1027295
1837131
1453760
1269403
1095872
1206852
1932617
1303050
1375187
1242275
1624744
1819911
1719984
1463477
1250517
1193756
1751343
1133543
1332317
1201975
1105255
1689576
1452417
1157309
1347528
1552114
1705679
1287246
1087898
1069242
1406094
1102108
1002095
1354780
1296808
1418766
1788327
1317841
1931442
1155165
1300686
1502143
1435362
1186286
1357910
1138980
1593619
1780178
1024462
1675939
1625026
1711656
1069783
1691989
1318891
1453093
1121013
1289883
1025887
1268672
1547191
1768716
1213560
1284884
1262170
1098994
1594284
1194766
1094912
1108184
1167307
1252832
1163334
1827728
1048474
1394955
1351593
1039682
1012507
1280312
1047118
1030840
1034164
1941654
1641392
1426089
1261692
1768702
1337427
1915868
1463611
1196084
1840208
1742499
1229055
1480460
1194193
1870681
1042567
1765616
1608888
1266078
1066101
1341277
1705615
1139343
1088742
1789777
1974024
1924832
1442338
1182266
1080342
1823427
1086707
1038140
1232954
1016309
1400333
1755215
1174446
1334647
1905489
1226795
1183386
1044870
1112880
1272974
1412332
1040754
1068257
1258709
1265024
1103682
1214988
1765808
1406066
1767433
1417571
1711541
1284338
1454335
1979317
1462220
1346379
1282513
1362717
1947748
1180540
1083975
1862776
1151240
1437328
1166646
1152565
1639954
1116908
1360027
1013986
1247126
1656885
1893373
1481345
1024404
1125413
1930029
1118826
1246414
1352260
1122138
1117831
1010404
1156255
1132456
1308617
1137985
1186088
1855752
1922931
1706952
1550792
1523498
1499500
1769745
1120506
1197159
1791500
1567432
1144719
1246515
1977190
1450950
1941933
1114075
1051263
1694778
1335066
1205968
1285390
1608438
1480156
1239081
1027743
1621393
1382926
1995982
1071926
1028899
1218736
1482245
1955358
1059492
1305869
1412497
1819575
1344674
1467076
1159782
1003114
1121025
1926861
1424141
1088817
1007496
1236202
1480326
1431344
1706879
1755257
1989762
1608134
1035579
1709091
1806090
1271836
1978947
1166861
1925341
1272208
1235864
1282178
1777295
1940880
1287880
1072104
1803821
1693467
1280533
1376355
1811037
1018220
1280923
1224969
1112582
1951601
1008307
1180693
1862177
1403755
1780894
1783400
1205226
1131283
1013283
1790029
1439670
1657527
1623587
1465332
1369490
1155130
1274176
1027354
1777268
1503716
1217167
1721989
1779325
1131594
1244754
1929981
1187281
1451855
1879772
1309922
1806116
1361113
1448064
1368800
1434658
1128027
1328326
1072617
1569125
1020643
1283394
1262774
1808080
1501641
1044766
1754008
1317469
1955319
1299297
1396284
1720604
1246316
1410450
1641404
1162619
1711667
1293667
1052023
1105198
1185262
1225604
1807961
1980682
1037094
1250572
1709921
1908077
1975224
1068215
1090071
1283129
1041791
1465972
1996844
1057339
1502745
1873394
1143820
1213898
1372008
1376050
1638302
1459371
1416695
1228387
1937815
1951105
1008375
1567336
1125631
1227904
1021665
1663034
1094579
1836633
1210934
1453979
1461078
1502078
1277290
1891384
1904605
1050137
1026502
1570791
1810040
1390392
1194802
1464161
1504880
1076343
1244114
1091361
1126300
1039237
1308825
1790070
1750968
1081101
1288047
1749632
1291447
1401246
1314838
1194633
1593242
1465435
1399063
1391000
1456374
1857417
1188180
1197104
1610171
1075676
1095635
1256306
1267295
1339365
1215867
1909081
1414257
1640817
1997480
1245734
1395925
1903316
1123769
1436842
1870299
1320790
1570930
1181019
1682515
1378779
1201500
1888298
1322560
1133521
1319509
1414692
1333654
1195847
1873090
1275903
1083851
1284983
1942084
1106449
1786742
1892378
1376300
1953551
1444795
1126668
1455419
1679309
1974940
1504185
1678349
1234101
1409242
1070509
1834990
1130224
1022654
1170811
1328859
1184401
1402944
1948576
1191362
1504582
1740516
1197449
1121496
1010418
1940337
1724238
1314010
1449331
1436557
1785395
1364869
1738735
1035341
1425835
1871105
1364619
1368713
1407019
1180566
1875993
1421085
1232445
1172633
1392277
1457123
1323106
1739546
1769333
1175068
1820687
1983230
1777059
1481759
1827601
1160831
1524723
1183783
1161519
1007067
1272310
1820953
1188292
1021223
1165964
1305149
1188591
1892456
1422222
1195698
1927650
1824288
1180880
1974658
1026440
1594401
1114287
1006065
1201593
1169425
1201631
1169110
1782596
1609691
1722179
1272068
1165921
1229305
1706218
1310623
1450414
1166195
1568318
1522808
1045446
1166308
1682185
1234460
1871930
1804949
1811974
1031286
1791958
1066847
1350606
1077684
1622121
1025626
1859602
1928080
1639563
1139783
1349059
1318520
1982973
1054282
1208776
1172544
1736505
1621928
1590045
1198442
1306613
1436003
1655189
1912798
1770612
1269837
1023670
1994314
1430428
1437956
1742593
1550910
1290646
1095405
1231957
1233473
1620499
1244852
1229722
1140608
1894481
1641001
1365423
1222309
1411970
1400890
1349176
1461502
1415152
1846681
1401825
1659453
1128895
1059222
1518959
1376641
1265778
1574086
1351413
1479282
1545089
1958253
1997888
1177680
1216228
1393297
1480079
1328435
1364114
1067315
1938494
1721917
1951728
1168717
1059977
1298221
1818147
1010157
1137366
1231982
1636568
1080715
1500096
1997608
1356982
1709406
1033821
1147954
1333889
1927142
1811119
1605031
1860128
1720837
1707089
1162658
1808330
1296840
1292422
1450297
1066698
1872602
1329745
1768230
1408352
1721446
1372358
1398039
1064300
1637134
1675196
1364484
1113117
1284779
1299159
1359411
1199447
1907320
1770227
1419648
1401726
1453201
1332501
1425232
1318845
1251183
1354701
1387861
1756071
1133244
1102941
1905821
1211659
1062071
1272546
1300545
1181836
1430239
1768446
1640477
1349456
1694441
1344613
1821644
1941889
1000430
1084994
1152660
1294084
1998254
1658303
1681383
1277433
1821048
1064952
1954239
1073662
1068597
1108701
1590010
1065313
1076754
1958456
1283486
1926701
1419091
1353476
1189408
1230080
1306745
1546396
1060858
1761486
1656227
1784200
1050486
1350980
1152245
1288335
1404262
1151785
1229709
1187645
1187327
1208396
1006526
1875896
1724735
1275050
1809467
1724533
1011343
1061449
1082761
1984120
1288608
1197689
1179137
1691900
1004237
1905673
1243311
1954837
1823316
1194172
1233222
1569040
1261901
1432459
1503936
1334895
1932147
1097117
1306046
1381337
1483525
1130734
1841202
1310033
1425564
1267442
1626652
1040151
1411521
1552149
1696034
1677961
1993220
1266479
1662983
1929623
1624943
1909234
1045214
1609404
1977925
1389852
1430946
1550629
1070215
1891790
1084484
1224098
1188552
1926102
1082897
1358667
1640996
1332481
1042490
1175651
1977630
1149535
1216962
1894135
1723640
1169499
1875569
1077324
1927741
1857279
1589767
1892425
1688826
1352939
1812697
1915250
1629163
1428359
1356093
1104979
1997295
1157237
1259913
1156333
1324608
1996584
1573941
1942461
1020101
1917195
1126580
1437369
1152971
1254912
1005542
1691446
1009927
1070029
1343630
1975054
1272509
1740844
1359079
1785406
1978713
1662434
1295270
1102327
1066358
1707377
1314087
1790053
1284092
1359591
1906640
1903856
1278040
1952005
1420535
1662277
1330709
1465896
1888544
1040213
1211239
1468152
1327717
1026875
1116915
1050697
1395649
1809378
1338499
1910992
1549868
1151509
1408535
1567706
1086395
1279236
1873855
1058313
1071018
1738312
1330518
1101643
1194740
1441797
1843239
1433888
1109247
1590880
1720532
1261126
1199761
1925052
1955784
1067276
1749453
1610707
1413198
1241460
1394552
1070720
1113954
1289543
1464954
1138400
1143319
1101569
1039814
1481132
1271918
1094427
1677015
1871293
1841777
1103615
1394138
1942785
1166514
1183735
1880527
1425550
1088565
1778557
1739877
1894714
1030695
1519602
1353757
1887735
1925147
1355586
1168941
1211526
1135325
1038013
1545201
1909498
1201085
1209101
1305994
1354032
1482767
1955795
1122094
1401661
1929270
1095738
1013719
1255780
1217288
1569381
1656307
1836380
1298212
1996396
1245359
1283588
1388522
1434267
1937324
1130457
1418685
1362459
1450185
1609226
1742047
1072337
1974783
1414448
1999532
1067081
1319132
1314278
1087546
1268171
1423671
1233594
1753147
1182535
1431079
1206339
1660897
1152464
1293613
1209230
1710626
1922681
1010349
1341696
1847259
1707000
1352986
1142965
1809360
1916411
1270430
1158473
1888092
1023389
1462262
1373541
1273416
1188605
1380680
1182796
1392367
1932118
1123359
1335125
1420898
1368315
1282727
1689871
1977163
1207714
1926780
1405006
1720779
1042773
1229173
1464575
1879543
1390543
1638856
1974343
1251122
1101249
1738852
1809536
1879281
1874659
1391213
1374190
1784293
1316013
1022588
1123466
1835670
1392581
1622667
1389735
1750846
1153749
1116151
1874051
1789480
1769440
1265453
1681467
1928700
1292113
1277056
1626418
1176555
1005792
1907674
1692883
1837108
1223351
1837263
1433474
1931134
1078060
1979122
1296197
1453746
1937882
1262379
1879603
1640824
1373502
1431174
1376475
1484056
1284740
1335167
1221719
1918436
1022287
1295499
1061488
1903384
1780109
1320427
1940211
1789990
1133226
1197147
1857839
1545722
1285358
1872444
1209936
1697606
1221867
1737124
1455823
1999049
1214261
1249882
1001742
1312177
1240313
1545225
1091730
1322132
1131329
1170916
1977257
1385647
1572270
1020989
1655766
1055059
1057114
1154314
1138546
1317155
1342061
1232239
1309696
1995151
1711674
1949625
1011845
1725022
1224823
1208541
1479158
1144010
1779434
1281537
1025869
1152985
1375047
1887852
1393159
1972115
1354168
1706336
1460520
1362013
1113428
1129825
1249730
1053186
1054158
1199042
1001498
1446152
1907890
1214613
1229048
1424357
1805118
1441165
1126086
1101375
1315170
1660970
1401655
1235144
1447121
1357178
1818672
1149240
1994809
1787859
1824664
1104165
1010700
1162036
1724305
1394066
1154897
1769255
1902960
1061297
1778655
1404695
1225829
1216137
1428844
1339669
1739002
1622776
1707213
1278545
1722793
1387551
1839553
1018098
1303934
1452759
1767108
1139280
1768972
1082388
1835501
1957964
1152933
1018426
1325695
1276633
1045534
1307096
1626275
1184103
1216861
1316755
1750349
1121755
1444363
1140682
1170351
1592303
1544700
1325077
1749845
1889069
1551563
1983435
1003559
1157354
1225172
1889867
1274085
1456243
1382059
1253569
1725078
1145421
1887274
1036933
1001044
1909592
1001756
1267004
1299222
1974201
1469314
1238952
1706857
1751711
1263317
1158880
1694048
1068942
1001889
1784625
1168388
1245787
1626433
1399611
1674951
1622537
1693229
1972700
1677292
1635364
1374597
1741943
1058286
1478429
1174288
1754460
1336208
1347917
1191083
1211380
1858996
1237385
1115290
1692013
1335528
1273979
1940091
1674863
1252293
1150818
1037079
1481839
1009060
1388448
1009415
1858044
1977546
1445942
1056840
1416218
1017930
1609970
1954117
1953170
1872773
1414785
1662779
1129557
1356312
1592084
1913860
1275160
1197003
1236682
1426585
1523996
1406390
1110554
1154244
1093008
1000395
1025562
1179774
1170610
1803718
1272901
1123320
1877867
1386698
1117300
1221825
1202120
1136833
1303039
1212681
1523357
1386332
1981135
1169798
1497230
1303098
1333780
1319560
1299707
1503411
1428951
1117021
1433191
1128997
1677605
1369021
1862105
1271026
1305061
1045528
1439928
1321742
1065356
1368081
1680334
1421425
1930812
1248063
1784529
1755511
1222354
1591800
1084644
1100014
1769553
1995711
1753430
1212089
1822532
1299427
1222679
1109077
1419689
1160991
1622457
1740568
1021472
1520495
1396963
1169241
1080014
1332952
1545869
1994471
1121628
1282183
1860499
1353685
1420215
1784060
1297626
1138597
1695863
1315678
1024365
1742694
1169932
1609676
1093156
1001565
1857649
1711198
1142832
1922644
1478398
1263668
1015692
1753523
1927993
1100399
1260390
1820349
1751533
1239276
1694114
1404039
1219152
1157268
1258658
1323036
1915757
1891998
1328031
1502318
1402865
1134538
1333044
1938186
1983156
1074210
1332991
1689545
1392868
1096521
1126792
1070002
1722586
1413914
1368234
1972001
1874884
1070511
1842353
1431534
1233661
1621513
1322493
1091146
1567262
1091317
1367821
1070967
1166780
1051676
1502674
1041568
1846192
1453416
1122199
1891427
1812477
1547666
1303197
1697461
1080243
1675790
1826059
1389681
1020993
1108044
1840901
1313885
1724242
1036421
1130703
1021980
1572572
1467557
1307253
1781410
1027865
1203136
1845521
1821225
1607430
1877337
1902491
1481704
1027020
1148797
1393329
1915205
1128532
1056098
1787917
1091481
1979463
1129297
1477604
1707607
1103202
1550098
1385895
1788603
1165087
1364089
1347307
1107522
1030481
1635778
1444924
1350877
1708100
1822469
1170182
1010281
1620589
1724036
1038365
1324438
1137799
1952463
1003760
1660314
1230937
1451405
1401254
1905649
1111666
1524837
1739796
1437158
1116495
1210426
1820042
1975011
1034466
1185580
1153021
1332444
1231746
1221406
1354872
1504076
1065816
1769638
1350448
1153641
1129104
1203960
1020804
1219786
1521097
1375346
1823246
1627193
1182493
1082793
1289404
1752487
1095315
1419087
1303296
1123951
1822342
1210050
1319303
1749495
1234993
1285989
1918119
1248081
1189656
1450939
1173196
1193506
1254147
1344734
1232563
1572640
1354920
1035775
1162979
1937043
1453280
1441192
1460312
1144414
1195057
1223123
1604313
1423445
1358965
1038038
1388839
1200762
1956328
1248588
1180719
1002967
1822837
1207751
1332271
1458534
1277496
1590950
1313227
1246211
1172794
1997981
1168652
1178271
1406961
1943339
1956812
1123728
1937574
1024459
1167142
1792515
1140229
1249361
1549740
1404831
1821089
1261733
1166573
1371115
1207372
1278167
1268880
1766837
1113410
1398262
1809499
1400734
1192857
1984624
1231165
1778069
1806443
1291232
1742623
1139940
1243666
1258402
1085863
1465446
1692099
1428396
1264404
1574389
1504719
1202118
1093273
1192490
1293272
1109039
1183746
1311271
1230025
1103467
1547018
1424137
1167871
1995994
1105680
1273312
1779380
1108170
1271382
1191927
1819922
1090335
1393689
1940726
1501296
1008576
1856950
1606560
1014101
1240997
1393899
1106939
1171966
1015821
1224991
1878378
1364267
1791679
1997631
1790762
1781715
1847815
1061905
1126039
1185197
1681268
1279255
1778209
1231834
1157712
1456356
1011940
1571449
1355916
1860682
1522695
1593312
1323299
1314842
1309049
1079664
1947306
1430841
1301417
1373200
1155305
1160882
1785648
1692207
1312881
1135014
1742990
1915782
1095228
1444900
1518996
1187182
1351467
1140777
1171979
1090322
1983716
1241833
1110400
1482588
1034362
1258213
1693413
1318127
1523058
1384991
1431729
1591933
1241113
1953421
1428890
1446798
1011106
1231607
1452554
1393235
1270943
1013406
1415743
1808388
1844836
1042285
1737519
1637849
1142415
1431885
1520201
1155559
1342256
1105656
1108464
1948820
1679963
1591032
1923119
1979542
1621542
1766452
1377722
1244547
1424654
1143332
1625713
1239464
1837968
1095379
1876294
1334445
1239291
1084429
1855304
1675133
1400927
1260292
1784457
1569698
1182913
1463646
1236176
1322387
1872111
1275178
1549342
1280940
1447570
1452688
1093066
1708051
1737618
1242687
1005574
1012410
1707343
1911087
1689227
1459745
1766731
1660846
1051038
1640323
1208217
1766802
1160317
1775484
1185637
1189347
1431435
1056928
1327577
1384098
1954205
1783489
1218968
1252844
1874434
1246707
1111712
1171312
1081591
1608020
1400385
1457878
1392469
1020768
1259578
1523044
1414771
1178324
1859021
1185629
1354184
1270912
1451464
1915618
1218263
1755673
1521121
1254337
1182126
1682473
1706160
1915380
1658037
1314091
1330468
1295096
1354331
1026217
1338944
1442575
1952324
1035069
1426571
1822403
1426915
1178220
1523848
1447745
1675045
1364852
1300460
1173427
1232946
1460940
1861580
1689230
1323562
1314732
1048666
1204799
1925939
1291182
1453470
1845598
1320672
1838948
1954563
1050985
1400703
1172563
1444101
1954895
1421830
1063586
1099037
1224259
1187984
1806660
1767351
1170365
1187603
1019527
1349873
1240476
1805790
1606231
1891856
1184657
1254758
1171994
1695776
1915189
1196472
1075306
1109991
1399168
1232633
1903813
1590465
1742712
1318828
1810206
1483271
1310047
1350493
1073954
1754206
1023815
1738151
1825522
1591774
1269696
1828086
1844780
1722275
1362166
1284519
1054597
1782607
1241924
1422781
1029696
1635402
1182805
1448903
1098709
1550751
1360731
1996408
1841229
1982217
1818912
1156674
1000254
1377533
1211590
1291496
1336126
1500456
1135445
1067210
1661663
1822338
1106353
1216477
1123625
1940758
1925508
1171280
1137678
1318149
1146717
1296823
1368026
1779172
1160808
1786203
1720575
1855396
1926611
1170687
1318055
1736219
1207481
1151630
1045972
1999782
1522183
1924728
1812357
1183915
1783720
1400819
1235901
1073073
1032585
1424962
1121226
1434518
1761379
1270950
1520520
1078601
1187263
1057364
1677936
1214347
1201311
1039907
1159049
1498577
1451678
1103229
1363517
1009613
1454572
1522969
1502097
1095592
1937426
1695105
1296296
1911880
1422488
1084571
1214807
1399971
1622255
1285545
1430286
1394896
1308159
1916381
1183106
1413164
1331105
1424800
1952831
1050276
1998120
1572413
1789309
1393034
1480454
1522481
1756442
1940672
1209871
1138665
1411610
1350037
1409562
1272980
1321565
1075634
1068747
1931322
1133539
1522389
1330869
1364709
1467254
1294762
1225189
1231915
1323267
1120331
1285251
1201004
1094977
1736676
1237479
1059028
1946960
1431113
1256835
1164457
1033016
1280845
1720124
1201517
1009728
1358541
1689460
1903508
1429859
1251300
1103739
1412948
1031136
1464766
1327809
1233775
1438153
1941168
1235509
1393353
1104106
1859432
1113766
1994459
1454103
1000672
1131465
1626330
1331553
1765538
1024822
1182886
1050861
1893539
1129337
1163771
1468413
1381465
1071096
1722420
1359375
1930215
1161212
1570570
1356994
1225155
1949457
1550542
1158732
1251730
1443790
1806611
1931705
1254732
1233104
1593533
1675557
1055187
1067654
1088412
1379246
1220217
1183225
1432433
1045833
1275788
1545274
1097909
1254523
1140589
1128243
1323891
1002554
1221648
1625996
1985269
1879373
1295990
1219311
1314689
1236216
1354044
1093741
1498505
1329541
1780706
1571594
1453036
1891508
1022170
1749760
1250712
1238823
1358826
1641550
1324187
1929849
1708117
1095323
1284250
1016071
1229343
1038860
1028939
1003470
1087974
1956630
1757112
1043780
1322107
1376556
1501792
1034289
1132975
1918037
1737030
1366353
1609564
1042111
1838319
1187724
1396786
1383645
1450162
1116256
1056882
1526733
1981840
1291724
1348652
1380667
1888301
1085826
1365826
1689454
1345052
1419977
1014972
1756682
1880195
1857877
1430298
1057559
1009408
1195716
1239530
1332259
1040274
1271592
1498115
1324640
1996440
1336294
1234142
1046303
1391852
1342127
1996710
1130198
1427928
1221162
1135124
1403577
1406174
1244735
1870834
1397745
1049179
1168878
1568638
1252112
1117154
1135161
1383860
1978026
1825747
1050756
1279046
1955079
1100708
1095276
1679033
1348115
1054266
1903353
1250932
1461408
1441402
1135620
1606796
1214060
1046215
1956704
1095742
1313621
1774902
1948534
1790925
1610636
1175850
1199140
1160987
1090975
1006997
1019611
1604604
1442841
1339748
1002560
1062169
1719314
1366368
1286785
1779136
1080618
1338152
1299076
1150015
1210039
1591170
1038179
1329236
1070938
1416525
1295975
1807576
1176103
1397143
1523588
1089426
1328381
1025225
1942215
1058723
1000838
1237863
1109160
1428054
1780086
1568060
1285818
1903781
1152405
1432263
1233118
1765444
1353301
1115984
1206783
1265966
1913717
1429288
1926774
1016033
1754478
1243657
1027413
1770820
1134183
1243536
1767748
1390314
1330619
1110522
1293537
1523962
1155876
1724093
1279371
1256929
1110455
1478520
1262090
1444528
1134109
1420107
1838023
1451646
1113620
1641471
1641013
1153407
1892253
1500071
1939698
1848272
1971545
1640252
1458358
1636105
1452938
1547963
1626687
1216985
1997237
1743056
1442051
1786210
1621204
1448945
1399817
1465948
1940617
1301016
1369317
1695097
1790424
1941063
1107614
1980268
1778531
1375500
1207866
1656125
1248308
1889465
1589918
1757022
1606597
1247665
1333947
1046785
1917210
1005109
1343303
1682449
1359510
1807729
1066924
1524342
1420132
1344423
1141098
1000880
1205586
1891531
1193654
1132268
1981475
1719772
1941514
1087436
1229957
1893485
1414898
1257590
1035867
1348772
1200369
1741473
1049937
1363018
1407007
1976028
1551782
1065161
1029065
1027712
1875142
1996362
1080696
1544811
1019203
1144329
1639313
1178751
1230717
1465862
1567160
1230207
1083827
1390586
1843434
1429534
1392030
1256182
1253955
1755119
1094838
1428595
1784988
1467515
1064513
1824265
1984986
1346701
1818087
1974470
1106661
1749982
1843837
1721643
1985412
1765882
1143993
1841401
1321308
1160773
1974017
1956400
1007724
1819342
1707797
1860814
1267018
1420901
1177371
1288892
1482893
1917506
1760370
1912640
1114549
1421467
1977704
1101698
1398840
1948478
1880357
1754917
1611081
1024860
1943173
1225563
1327067
1724453
1101862
1068107
1422939
1681229
1333228
1302081
1017769
1056419
1466240
1626860
1203100
1031051
1482168
1856283
1994902
1134021
1361409
1044526
1135092
1675912
1976838
1307467
1480510
1663159
1709087
1111524
1022920
1818531
1455218
1844308
1400638
1033733
1544351
1062346
1846778
1051603
1257051
1139722
1406948
1940329
1840913
1401523
1287557
1550815
1941394
1419246
1223099
1298633
1355207
1242207
1427204
1004806
1267750
1786315
1046084
1181756
1548235
1318242
1467297
1787094
1710343
1426048
1870305
1120971
1941331
1904576
1172298
1307589
1928941
1026255
1256953
1841892
1452455
1388352
1135519
1768057
1096179
1826467
1949415
1418731
1545429
1550122
1209265
1638912
1403290
1847220
1604581
1003192
1272455
1350913
1482439
1502224
1067287
1787664
1007610
1103589
1034881
1927288
1031662
1573074
1975595
1065243
1838206
1878849
1187878
1314246
1142638
1201474
1088063
1032722
1064407
1396499
1271357
1128301
1408704
1130022
1354026
1376218
1280437
1957801
1006367
1191347
1997216
1145904
1720620
1594413
1913564
1297072
1356803
1063748
1940921
1877880
1429174
1400289
1835021
1069644
1440207
1021560
1154306
1019287
1519599
1706928
1313015
1111963
1334935
1124144
1707495
1144185
1187598
1316025
1196029
1464193
1957045
1171931
1431859
1958110
1463738
1929851
1809438
1420886
1571254
1152514
1709120
1048397
1708581
1848359
1120170
1143326
1215222
1893577
1348811
1069923
1070649
1218984
1097782
1234862
1931383
1143576
1233045
1024420
1131661
1723806
1203212
1416668
1916292
1242984
1519262
1093795
1034371
1051067
1087016
1940196
1520386
1722290
1126444
1381566
1133628
1332976
1428255
1277512
1089109
1200901
1932813
1593852
1958806
1544995
1411207
1414720
1255889
1893995
1193075
1196163
1149805
1192218
1041371
1397625
1063056
1410836
1953137
1134525
1213718
1722080
1297470
1233451
1120872
1457373
1462050
1973919
1362772
1283450
1405301
1419856
1460061
1379939
1621602
1951143
1156318
1400529
1015942
1118396
1870760
1196785
1406833
1415963
1073434
1997786
1819620
1225708
1803614
1821242
1610162
1205995
1274561
1975642
1954286
1294821
1018012
1362543
1376542
1165655
1047726
1338110
1840455
1282432
1593000
1836491
1812817
1329595
1604911
1677435
1129087
1770569
1397415
1399081
1621934
1839255
1059986
1592391
1441468
1675964
1297957
1215406
1778120
1872823
1357233
1372249
1418469
1952432
1064910
1380318
1689664
1024471
1940045
1655014
1168937
1523774
1227477
1570595
1259231
1019959
1755053
1265017
1338615
1812738
1809309
1160005
1421096
1570881
1064361
1032377
1977560
1366465
1118734
1291634
1479448
1452472
1365638
1590329
1003797
1998582
1446750
1787768
1434908
1681524
1549715
1625184
1347497
1357220
1792353
1977597
1947669
1105776
1288383
1167741
1059867
1693750
1124163
1478192
1044909
1411748
1034502
1161006
1226639
1160426
1661518
1395132
1153714
1941565
1039062
1217804
1914969
1235472
1855680
1525167
1241605
1315872
1090187
1457194
1807057
1706361
1248486
1478797
1181081
1792719
1462629
1215278
1682159
1092320
1714476
1112104
1103608
1573645
1975371
1155024
1835567
1223306
1136961
1932842
1692281
1090413
1330495
1805430
1737117
1017408
1127834
1305173
1173316
1039975
1456633
1320384
1199968
1085217
1917678
1326935
1407287
1210525
1782072
1168846
1125499
1352582
1791814
1196839
1272041
1412510
1181026
1009097
1942231
1329890
1061856
1891950
1186526
1405853
1892851
1421806
1395455
1928809
1147403
1259119
1753449
1405491
1917276
1594346
1977461
1333276
1637401
1140425
1929176
1000943
1359156
1692349
1694722
1626056
1627049
1361292
1366689
1401744
1722459
1278180
1352209
1845550
1325706
1224043
1254341
1067817
1567773
1455296
1808793
1404077
1349322
1275463
1169378
1932781
1071322
1993602
1691833
1916249
1347972
1636362
1354893
1160857
1196688
1330225
1401950
1640315
1623729
1083145
1099417
1393775
1641860
1377957
1719404
1201096
1141064
1765879
1656180
1180451
1571341
1255920
1893080
1984395
1160218
1974048
1640592
1690740
1520571
1359180
1454806
1793286
1252703
1111425
1441386
1191494
1429612
1067019
1522348
1433346
1085236
1861808
1069803
1148416
1439077
1049351
1320594
1811980
1105703
1879207
1479215
1751106
1624104
1187736
1932297
1909421
1145063
1025201
1100221
1273173
1811095
1281054
1358973
1827289
1195804
1345069
1690837
1636819
1417735
1146166
1956511
1166102
1187860
1742335
1378829
1259068
1569008
1218789
1100212
1289717
1446346
1301762
1058954
1835220
1724017
1680119
1098468
1159618
1675104
1307764
1425736
1060083
1016851
1807497
1927698
1356106
1075281
1183979
1950398
1368872
1147065
1414070
1055926
1681474
1426852
1216780
1292820
1862568
1022506
1344699
1382322
1820290
1241698
1917394
1452718
1625573
1323024
1334870
1381986
1284757
1211740
1149190
1525156
1916008
1950585
1174534
1269685
1927082
1230628
1119288
1065325
1389504
1948454
1739294
1274237
1857509
1171114
1571368
1662487
1068649
1342711
1174737
1379912
1780285
1051835
1567021
1499229
1074971
1040130
1039096
1766189
1954935
1094254
1826128
1546105
1572963
1930509
1034333
1112118
1132270
1082025
1806170
1279396
1362984
1069828
1242724
1459198
1625058
1931830
1911010
1620548
1350546
1026638
1226375
1178599
1243270
1399234
1607582
1095019
1453299
1019153
1308414
1401087
1426093
1108379
1996143
1338311
1166252
1661746
1655356
1610594
1656199
1056432
1380177
1194030
1038822
1229876
1036412
1258453
1856118
1778867
1075748
1074063
1737723
1445037
1197905
1254579
1444390
1266143
1656859
1477434
1567945
1637295
1384882
1770206
1591678
1394698
1341065
1082669
1280238
1205811
1278292
1785763
1154207
1694350
1609902
1234896
1856594
1660420
1002387
1089271
1063846
1462259
1337672
1189385
1419052
1523032
1162441
1383459
1104562
1138649
1870072
1976316
1013655
1972835
1345838
1913691
1213913
1608284
1860253
1860047
1192706
1253784
1889185
1477014
1294266
1791152
1217435
1500849
1911943
1674752
1181611
1311952
1804890
1300698
1880889
1500229
1018815
1146365
1358529
1390937
1149938
1422159
1146676
1320118
1285729
1421018
1008125
1203997
1691643
1301068
1928628
1420310
1736232
1335483
1766708
1266734
1042616
1057149
1777004
1408673
1061726
1067985
1322583
1463450
1275882
1234156
1344035
1115687
1382062
1910502
1284997
1908178
1179817
1724267
1752030
1459826
1134866
1257618
1592877
1423618
1323350
1932775
1453106
1721142
1344890
1060371
1226273
1520957
1163999
1136066
1063349
1708659
1400150
1295033
1449090
1264388
1325154
1047689
1929926
1406737
1880007
1265299
1706831
1950093
1333075
1982601
1208537
1876231
1122702
1907680
1480639
1914005
1741842
1106707
1333412
1711752
1202147
1162321
1503972
1205789
1810716
1018178
1081273
1154550
1040746
1303831
1327471
1185808
1281502
1879652
1940790
1711105
1892944
1483432
1998370
1165278
1549620
1270600
1943547
1911278
1042178
1316761
1251808
1413745
1285273
1283116
1812269
1073172
1212709
1009553
1196181
1803511
1313079
1312431
1236499
1406381
1457232
1769236
1241497
1310865
1498691
1361422
1623753
1198657
1291404
1877488
1016346
1378469
1393118
1591654
1028254
1180648
1191667
1818406
1333904
1287594
1078584
1281431
1803535
1118105
1452223
1902526
1375907
1158515
1840016
1661441
1913941
1378445
1366732
1571523
1720946
1753283
1276313
1304351
1215693
1164791
1177494
1769680
1374158
1234230
1635518
1460238
1030146
1986123
1894490
1203868
1999563
1298117
1231280
1824422
1220347
1047091
1218447
1447642
1400807
1357670
1477581
1661267
1873276
1839105
1917405
1805899
1391915
1427910
1184919
1055110
1150180
1841623
1839613
1441093
1399439
1134204
1083480
1152609
1010676
1658720
1195180
1568371
1082687
1431411
1451836
1809020
1137382
1070839
1424996
1314185
1979407
1743042
1344320
1329318
1810273
1411219
1251792
1022081
1504449
1722166
1257403
1037008
1219229
1284659
1003644
1325765
1007099
1292605
1265887
1571384
1433798
1082496
1656612
1791657
1779841
1267830
1307145
1402932
1042296
1089077
1637932
1283592
1250743
1999935
1116274
1326399
1032061
1396640
1370228
1374877
1982371
1310608
1264013
1167319
1334476
1294886
1189083
1346058
1244891
1249513
1916621
1318072
1003632
1501389
1311928
1372344
1279541
1402827
1946922
1328249
1457687
1250110
1130752
1095450
1547873
1820700
1208553
1724887
1134903
1191121
1156826
1116036
1177832
1706695
1502601
1593607
1248767
1258562
1976986
1100558
1928166
1358150
1855807
1363764
1088331
1976775
1425327
1928929
1750392
1398882
1352600
1191011
1551286
1621879
1822380
1092304
1783796
1315090
1306992
1190596
1379316
1910347
1170755
1942805
1079510
1467316
1031715
1608270
1780490
1932034
1273520
1456100
1244778
1978366
1412534
1877775
1916094
1173655
1119729
1284073
1141987
1450087
1497174
1081989
1055814
1159633
1568479
1050195
1181861
1186434
1138718
1859792
1148504
1111295
1018525
1374583
1622826
1624899
1933239
1318274
1303629
1122545
1144508
1005616
1368780
1022947
1255551
1847372
1158648
1172978
1049748
1084213
1722013
1154349
1548045
1479257
1441256
1190690
1941947
1278650
1057735
1117077
1226156
1931335
1873767
1370872
1751364
1118930
1912020
1025312
1098966
1350387
1221813
1589817
1914247
1721924
1177479
1812514
1074170
1676918
1709133
1458702
1372859
1215159
1571986
1038404
1322163
1916650
1133634
1419406
1318036
1857303
1439866
1045251
1089324
1012124
1132018
1113715
1278358
1227514
1912849
1455204
1125191
1352069
1404109
1028076
1271933
1161264
1141831
1274110
1121485
1501122
1889905
1312011
1123674
1237457
1843662
1062191
1452334
1438530
1611044
1808883
1015665
1299661
1003429
1051330
1006922
1245347
1199550
1847727
1156022
1441470
1265106
1076484
1591116
1150435
1639092
1917477
1428613
1149720
1191304
1332765
1346366
1711502
1740787
1092906
1313174
1957246
1156863
1015877
1932693
1694931
1136079
1198062
1210361
1155607
1388053
1679241
1360476
1625234
1435568
1818939
1359833
1014896
1329914
1424947
1273213
1002597
1739651
1809849
1951362
1498001
1053930
1151898
1888051
1206869
1942839
1944169
1691795
1593386
1054400
1437886
1289634
1082550
1242219
1895014
1300057
1479771
1210637
1591824
1235424
1042050
1218404
1775437
1973694
1022184
1113544
1432941
1862553
1986290
1450977
1117259
1013732
1889449
1369259
1939545
1236615
1362755
1360662
1306198
1786184
1785672
1051878
1769601
1875664
1481231
1365105
1078112
1766161
1298380
1407498
1722462
1211983
1455653
1189819
1113590
1174497
1804304
1062018
1162735
1524313
1385356
1145678
1520887
1023969
1170327
1446705
1873287
1548672
1423155
1845652
1105787
1404393
1641388
1244518
1625918
1007001
1455160
1636914
1178629
1876068
1503528
1481974
1089300
1224077
1030247
1180045
1422045
1840240
1978379
1708403
1790805
1783002
1234206
1080148
1870571
1174008
1523090
1341870
1573067
1521791
1032242
1435224
1214930
1163489
1094874
1262683
1810094
1238039
1194434
1025192
1091637
1807591
1389048
1061076
1088683
1944191
1442647
1192271
1976045
1379473
1976648
1356072
1353049
1521457
1690250
1109538
1096067
1092965
1021345
1080356
1089727
1571185
1817990
1175376
1072801
1638964
1820676
1227443
1723679
1971753
1448991
1046489
1434663
1756536
1102860
1749402
1928902
1208362
1042952
1855728
1358139
1064064
1767835
1907699
1123516
1948833
1753368
1047211
1068839
1083682
1193203
1333252
1977771
1409931
1804568
1447601
1819027
1079528
1051687
1738256
1221964
1389238
1620631
1483220
1765481
1460754
1151310
1692140
1416945
1276696
1571661
1384668
1070455
1354646
1188251
1056574
1384135
1838138
1858742
1323520
1289968
1259692
1383418
1924656
1324020
1227450
1996236
1403194
1655708
1318982
1055216
1089751
1335023
1858019
1020156
1681721
1026791
1332247
1168194
1130642
1592651
1079411
1016963
1085261
1042574
1002455
1406587
1156121
1235821
1273810
1147264
1055888
1953439
1146258
1011061
1179379
1784787
1040267
1550952
1154194
1004932
1173337
1995663
1750995
1824167
1305632
1679071
1445294
1929480
1822590
1950518
1370331
1338062
1950735
1871415
1927460
1257816
1002796
1279289
1151215
1282361
1420843
1787503
1019379
1326954
1910529
1399032
1694470
1810993
1980270
1977522
1097049
1177529
1504254
1788878
1637270
1393003
1058088
1122587
val_subjects
1570466
1154166
1002053
1844129
1089336
1481369
1305468
1147313
1440724
1027346
1005178
1131209
1995520
1148017
1656729
1478364
1196282
1183238
1286037
1981463
1181252
1856763
1398792
1156046
1974979
1213352
1568054
1902868
1465251
1845485
1371984
1303602
1194100
1288237
1238765
1029356
1848200
1088889
1870632
1222712
1038290
1228785
1872098
1249641
1455808
1267739
1947755
1388597
1261546
1380143
1350352
1278741
1857436
1818636
1929145
1862826
1288524
1974386
1018857
1345384
1219615
1823636
1313569
1082676
1890320
1422998
1300180
1722669
1333203
1806315
1136686
1709316
1240452
1879929
1238490
1389746
1009951
1979285
1142890
1436414
1365832
1013594
1338500
1287648
1182095
1223564
1217664
1334909
1126602
1300363
1137331
1314775
1261627
1548147
1273915
1090907
1126135
1161073
1708014
1690313
1067291
1328483
1081737
1680181
1078844
1520188
1110692
1192991
1407742
1376653
1764694
1916057
1026516
1021999
1001767
1257575
1393211
1369039
1840387
1625889
1101023
1421555
1310295
1825511
1107095
1837281
1877104
1272369
1455831
1054163
1346153
1381222
1258596
1047076
1037972
1372650
1071202
1118858
1266011
1042831
1957209
1890656
1302315
1117788
1249407
1071085
1017011
1793014
1675278
1820717
1117714
1388002
1169721
1387137
1804046
1371123
1145622
1097205
1381763
1427160
1750418
1017457
1059430
1719290
1102539
1264968
1859695
1478305
1414511
1109233
1230995
1768113
1957222
1995845
1656955
1777830
1887607
1147445
1390131
1451357
1784466
1477983
1205505
1057619
1232476
1137195
1750984
1019565
1223459
1452898
1781434
1310666
1014015
1268118
1446401
1446932
1153894
1179611
1950242
1075327
1939344
1385476
1169237
1908882
1176110
1351536
1460663
1399824
1211946
1238218
1503344
1424551
1178039
1048958
1193947
1373949
1063140
1986219
1076828
1656008
1403244
1903211
1309909
1165763
1101534
1241534
1231267
1165912
1218330
1312680
1425275
1414400
1320209
1741162
1872706
1016830
1061246
1008167
1189320
1523394
1106964
1363383
1283506
1019450
1260497
1027548
1591075
1818825
1349892
1723268
1769667
1345034
1041217
1264822
1497847
1762310
1142046
1040828
1625203
1893586
1062438
1189097
1824066
1331625
1679932
1180337
1842693
1362995
1076931
1327724
1130177
1153765
1890423
1397992
1746230
1251903
1033068
1221689
1983741
1663790
1190585
1374673
1753370
1986603
1229072
1742981
1234702
1059781
1304736
1000246
1098061
1106341
1364151
1778636
1395805
1113779
1253528
1818790
1214927
1312318
1464563
1231305
1156035
1741133
1246087
1953920
1462894
1659690
1592733
1912346
1217332
1808140
1043701
1029338
1549264
1028964
1090944
1056348
1216323
1283678
1216660
1931425
1320329
1286974
1933189
1106045
1452877
1955591
1932921
1116225
1679202
1322376
1316290
1010099
1483086
1423410
1951734
1928652
1036129
1720895
1445864
1623454
1692459
1204382
1932451
1031476
1787142
1101390
1070597
1266516
1033163
1393921
1203298
1176134
1033606
1457929
1694845
1842600
1878500
1297797
1088904
1171585
1909203
1126749
1892806
1444180
1017078
1878623
1337329
1135997
1997004
1519300
1693499
1341532
1365703
1323778
1117109
1347833
1271245
1161434
1296135
1424506
1132096
1229520
1406411
1390258
1785185
1414974
1570541
1250589
1179622
1768460
1689993
1360243
1378410
1268689
1233406
1176712
1146207
1303894
1931743
1689818
1804359
1855139
1768770
1101214
1237570
1166742
1658387
1468397
1139192
1299874
1203342
1306568
1363413
1466956
1435930
1405558
1187846
1106781
1414294
1708367
1943024
1075080
1861146
1281457
1711255
1590120
1293054
1306431
1031027
1260273
1238135
1040339
1432953
1874960
1167503
1825126
1936797
1808290
1061624
1413236
1409280
1934184
1610034
1986691
1395843
1199505
1519271
1125548
1188082
1855457
1714590
1840980
1367898
1928645
1250963
1768156
1057416
1251233
1787156
1875729
1136698
1706866
1820995
1158905
1044997
1043861
1161338
1443159
1123121
1237054
1164060
1663283
1080671
1100136
1622150
1447875
1018233
1837603
1367345
1108382
1006338
1139559
1062500
1737647
1592070
1203782
1207952
1356979
1348687
1908567
1238501
1638406
1026105
1096462
1519183
1247002
1973892
1736404
1862097
1118553
1770015
1876240
1440182
1625742
1689057
1004694
1065338
1295712
1973474
1740791
1248090
1986505
1424245
1431862
1780064
1005039
1138436
1417760
1739334
1999715
1312992
1130516
1152817
1270003
1105121
1023393
1312046
1259560
1302824
1892798
1012277
1925617
1463184
1682492
1972388
1927948
1353766
1353298
1042749
1570625
1924914
1133025
1053333
1823370
1230496
1347363
1236919
1878814
1261578
1997268
1303012
1304724
1913140
1271075
1939510
1431917
1158091
1972042
1428408
1389201
1385731
1046578
1147581
1394411
1766922
1978382
1360428
1768741
1079639
1109218
1034973
1390182
1341239
1335612
1131838
1821760
1994610
1140892
1903617
1637383
1101818
1980311
1204394
1918002
1260639
1976052
1383275
1679253
1293914
1023475
1569936
1936760
1807677
1162416
1097445
1877874
1380415
1314813
1114412
1411878
1197655
1194298
1351322
1845349
1707596
1078791
1440846
1311183
1369749
1059707
1518817
1788669
1340866
1039018
1421071
1083268
1047451
1067889
1404987
1842451
1636371
1547572
1756561
1165950
1749915
1481733
1350999
1012563
1327634
1656900
1183470
1740584
1109197
1906990
1437938
1343132
1501135
1267020
1170433
1382018
1272967
1095817
1858450
1136180
1622479
1340050
1978592
1655853
1269853
1178602
1147782
1989938
1411577
1230418
1155495
1087294
1174460
1367649
1365054
1811606
1862875
1525214
1444375
1427324
1278288
1205521
1255379
1335587
1826657
1840417
1677288
1522077
1126542
1213266
1340788
1979952
1043985
1844933
1706372
1807737
1374864
1592522
1641645
1915193
1222777
1377876
1874935
1341895
1741672
1206201
1953609
1105011
1165939
1437771
1951035
1434504
1069915
1523081
1425108
1550432
1165813
1331248
1113065
1386784
1340857
1007462
1421907
1130699
1248713
1877689
1226702
1335716
1443091
1810503
1131353
1411941
1568143
1762181
1217569
1047034
1281060
1845811
1609550
1074551
1253307
1568949
1218937
1981910
1156568
1424565
1097590
1090103
1393222
1808001
1182163
1107328
1385935
1228886
1244364
1187755
1777721
1987298
1655487
1465066
1370527
1592257
1096603
1889531
1523920
1384178
1877384
1914064
1806168
1976076
1844654
1765792
1159563
1426562
1171834
1356783
1591836
1211766
1362929
1195612
1194148
1294400
1075652
1450856
1044221
1017844
1316883
1692755
1985824
1943585
1986700
1777145
1026826
1768871
1519050
1045344
1825546
1287540
1421110
1917340
1828021
1910431
1073782
1134039
1437796
1592511
1931059
1994539
1150031
1808038
1551911
1947521
1200208
1166756
1663171
1459054
1840651
1341558
1956126
1310096
1927249
1005355
1248889
1054223
1136497
1295134
1153475
1879687
1743001
1723524
1325653
1359094
1678418
1998813
1056247
1549434
1384247
1230645
1415958
1464662
1762886
1213974
1246185
1144744
1591817
1204203
1806893
1637096
1908247
1629126
1549313
1406409
1245875
1448389
1639884
1407933
1821267
1720250
1950711
1821518
1983833
1889003
1111926
1985203
1663384
1286692
1640308
1444972
1133854
1435890
1013076
1299368
1012088
1573539
1111145
1000353
1315032
1974797
1235037
1345856
1906608
1551172
1317243
1821810
1365097
1923175
1252320
1326816
1159696
1931764
1840759
1017890
1166340
1752532
1857535
1987027
1915978
1871440
1333646
1343489
1927031
1255421
1160285
1783391
test_subjects
1000867
1001701
1001713
1002546
1002785
1002942
1003957
1003982
1005300
1006428
1006829
1007433
1007459
1007550
1007968
1008057
1008862
1008917
1009139
1010001
1011000
1011746
1015369
1016191
1016743
1016786
1017728
1018247
1018324
1019635
1020249
1020411
1020576
1020885
1023146
1023481
1023695
1026988
1027134
1027705
1029286
1029301
1029978
1030220
1030538
1031853
1031954
1033095
1033771
1034121
1035118
1035655
1035838
1037156
1037948
1038351
1041965
1043889
1044124
1044794
1046328
1047147
1047254
1047617
1048657
1049447
1049634
1049929
1050287
1053415
1053699
1054345
1054839
1055346
1055517
1056109
1056580
1056991
1057429
1058659
1060529
1060667
1063232
1064538
1067269
1067514
1070493
1071750
1072209
1073911
1074549
1074683
1076468
1078494
1079885
1080978
1081698
1082038
1082182
1084201
1084267
1084416
1084746
1088137
1088366
1088697
1089599
1089706
1089987
1090346
1090467
1091773
1092680
1094091
1094222
1094617
1096074
1096543
1098017
1098711
1101008
1101156
1101358
1101677
1101737
1103401
1103932
1104130
1104267
1104520
1105667
1107126
1107303
1109262
1111705
1111764
1112636
1114102
1115835
1116518
1117882
1118121
1118236
1119698
1121038
1121351
1122435
1127017
1127923
1129986
1130890
1131790
1133883
1134005
1134475
1134580
1137421
1138812
1139585
1140739
1141086
1142516
1143344
1143650
1143859
1144278
1144302
1144921
1145032
1145195
1145498
1147526
1148441
1148520
1148571
1149158
1151455
1152800
1152836
1153525
1153684
1154586
1154902
1155416
1155533
1155663
1155810
1156186
1156728
1157229
1158133
1158523
1158899
1159298
1159757
1159779
1161946
1162055
1162127
1162607
1162940
1164482
1167326
1168182
1168577
1169311
1170897
1172868
1175400
1176378
1176608
1177951
1178146
1178419
1179450
1180147
1180986
1181933
1182303
1182489
1182839
1183437
1183658
1184128
1184311
1184517
1184666
1185419
1186250
1186779
1188230
1188650
1189826
1190036
1190923
1193498
1194794
1194829
1195552
1195896
1195948
1195972
1197185
1199074
1199373
1201401
1202594
1205330
1206089
1206746
1207641
1208734
1209307
1209972
1213387
1217698
1218577
1220431
1222241
1223207
1223404
1223748
1224317
1226900
1227075
1227234
1227405
1227654
1228068
1228400
1229350
1229504
1229533
1229852
1230067
1230652
1232088
1232895
1233939
1236963
1237613
1237728
1238197
1238372
1240507
1240731
1241569
1244201
1247068
1247144
1247898
1248366
1248780
1249204
1250777
1252680
1253716
1254353
1255276
1258398
1259417
1259762
1259974
1260082
1261535
1262340
1264916
1265398
1265416
1265484
1266423
1266791
1267608
1268329
1268801
1268899
1269205
1269356
1269662
1269884
1270120
1270302
1270492
1271800
1271947
1272796
1272913
1273441
1274517
1274764
1275154
1275475
1275765
1275840
1276298
1277232
1277447
1279415
1279431
1280350
1280778
1283245
1284507
1285015
1287211
1288268
1288851
1289822
1289897
1291258
1291687
1292528
1293164
1293625
1295640
1295705
1296444
1297891
1298922
1299052
1299977
1300409
1301126
1302439
1302713
1303567
1304275
1304793
1305165
1305312
1306529
1306638
1306703
1306844
1307020
1307572
1309148
1310187
1310827
1312408
1312858
1313082
1315129
1316182
1318429
1318619
1319266
1319649
1320406
1321609
1322785
1322821
1324383
1324593
1328446
1328936
1331482
1331875
1332005
1332602
1333019
1334452
1335847
1336266
1336369
1336956
1337880
1339108
1339447
1339550
1339724
1340012
1340324
1341452
1342416
1343597
1343733
1343759
1344060
1345045
1345406
1346228
1347015
1347156
1347332
1347375
1349335
1350821
1351311
1352028
1352087
1353618
1354269
1355433
1355724
1356188
1356619
1359871
1360049
1360205
1360911
1364402
1367771
1367805
1368443
1369727
1370032
1371074
1372381
1372820
1373083
1373186
1373642
1374391
1374843
1374913
1375378
1377339
1378148
1378911
1379838
1380022
1380046
1380906
1381842
1385239
1386528
1386545
1387168
1387210
1387588
1389256
1389754
1391093
1391267
1392092
1393998
1395002
1398098
1398122
1399379
1400320
1400745
1401540
1402873
1403793
1404197
1405049
1405563
1406741
1407276
1407315
1408132
1408472
1410486
1412125
1414208
1414369
1414387
1414509
1416324
1417188
1418779
1418922
1419758
1420391
1420630
1421777
1422147
1422329
1422838
1422856
1423189
1428009
1428035
1428769
1429101
1429454
1431795
1432194
1432809
1433932
1434533
1434562
1435347
1435494
1438063
1438141
1439135
1439481
1441280
1444989
1446561
1446666
1446739
1447236
1447680
1448146
1448976
1449210
1450473
1451063
1452448
1453242
1453908
1457244
1457418
1457459
1458040
1458174
1459318
1459728
1460377
1461863
1462077
1466913
1467508
1476970
1477065
1477633
1478173
1478940
1480411
1480820
1481673
1483866
1484074
1497319
1498067
1498418
1499018
1499085
1499593
1499623
1500474
1501259
1501538
1502408
1503534
1503753
1503989
1504003
1519122
1520072
1520979
1522684
1524161
1524239
1524715
1524978
1525174
1525227
1525483
1545130
1545495
1545571
1548159
1548196
1550419
1550749
1551507
1552127
1567393
1567882
1568248
1568992
1570826
1571104
1571964
1573700
1591498
1592345
1592578
1593280
1593429
1593518
1593754
1593803
1606095
1606369
1607254
1607707
1607874
1609179
1609459
1609628
1609916
1610825
1611129
1620777
1621727
1622224
1623066
1624341
1624838
1625308
1625592
1626314
1630924
1634846
1635055
1636502
1636674
1637059
1641755
1655671
1656363
1657439
1657450
1658334
1658417
1659036
1660219
1661017
1661783
1662049
1662884
1675867
1676405
1678755
1680158
1680424
1681110
1681176
1682531
1688680
1688930
1688965
1690277
1690659
1690782
1690983
1692306
1693241
1693309
1694072
1694619
1705561
1706021
1706154
1706355
1706751
1709508
1710533
1714841
1719166
1719521
1719603
1719628
1722392
1722471
1723750
1724114
1724585
1724754
1736610
1737221
1737403
1738165
1738350
1739223
1739821
1741278
1749321
1750586
1753582
1754288
1755107
1755231
1755240
1756110
1757139
1757745
1759141
1760732
1761918
1765419
1765475
1765934
1765969
1767878
1768023
1768358
1768885
1770650
1770885
1774897
1779507
1781313
1782520
1782887
1783747
1784396
1790597
1791295
1791623
1791888
1792899
1803448
1803938
1805010
1805395
1806141
1806412
1807411
1808505
1808755
1809480
1809548
1810344
1811163
1811688
1818368
1818693
1819239
1820420
1821127
1821596
1821658
1821994
1822006
1822092
1822563
1823159
1823302
1825614
1826806
1827881
1827951
1827992
1836794
1837748
1838900
1840974
1841295
1841593
1841764
1842540
1843922
1845067
1845207
1846061
1846321
1846504
1855965
1856162
1856825
1857424
1858514
1859160
1861197
1862584
1871318
1871965
1873081
1873340
1874356
1875411
1876980
1877010
1877899
1879140
1879539
1880276
1889813
1890261
1891254
1891414
1892322
1892438
1893471
1893984
1902816
1903028
1903147
1903912
1904273
1904833
1904948
1905163
1905223
1906229
1906383
1906500
1907289
1909291
1909331
1911185
1911414
1911672
1914991
1917090
1918041
1924965
1925159
1926573
1929062
1929608
1930535
1931456
1932254
1932341
1932661
1932719
1937727
1939082
1939319
1939650
1940648
1940775
1942877
1943453
1947485
1948587
1948650
1949347
1950149
1950151
1950364
1950778
1951667
1952599
1956692
1957406
1959074
1972883
1974869
1977231
1978116
1978394
1978918
1979233
1979730
1981183
1981361
1981751
1981765
1982320
1982457
1982992
1984052
1984118
1984473
1985817
1986275
1995966
1996385
1996752
1997548
1997666
1998395
